484722.200000 4216802.500000 49163.0
484500.800000 4216546.500000 49193.0
484488.600000 4216508.800000 49223.0
484397.600000 4216148.400000 49253.0
484501.700000 4216003.000000 49283.0
484398.900000 4215871.100000 49313.0
484401.900000 4215621.400000 49343.0
484207.200000 4215584.100000 49373.0
484059.600000 4215450.200000 49403.0
483959.300000 4215308.200000 49433.0
483914.500000 4215250.700000 49463.0
483947.100000 4214924.300000 49493.0
484031.400000 4214493.700000 49523.0
484097.500000 4214230.700000 49553.0
484132.400000 4214102.000000 49583.0
484161.000000 4213923.300000 49613.0
484164.400000 4213895.400000 49643.0
484131.200000 4213495.100000 49673.0
