482494.300000 4215490.700000 59320.0
482618.400000 4215720.200000 59350.0
482661.500000 4215794.600000 59380.0
482814.400000 4215979.700000 59410.0
482962.000000 4216102.600000 59440.0
483049.100000 4216216.700000 59470.0
483136.900000 4216343.000000 59500.0
483121.300000 4216394.300000 59530.0
483093.200000 4216379.900000 59560.0
483138.500000 4216204.600000 59590.0
483159.500000 4216177.900000 59620.0
483118.800000 4215992.600000 59650.0
483103.100000 4215576.600000 59680.0
483122.100000 4215450.000000 59710.0
483134.000000 4215328.900000 59740.0
483147.100000 4215278.900000 59770.0
483350.600000 4215314.100000 59800.0
483588.400000 4215370.300000 59830.0
483587.400000 4215269.100000 59860.0
483718.700000 4215221.100000 59890.0
483768.700000 4215208.700000 59920.0
483909.800000 4215146.200000 59950.0
483929.700000 4215016.200000 59980.0
483993.800000 4214604.300000 60010.0
484100.100000 4214175.700000 60040.0
484140.900000 4213983.500000 60070.0
484145.200000 4213958.900000 60100.0
484144.900000 4213822.600000 60130.0
484141.100000 4213676.200000 60160.0
