484603.700000 4216666.100000 65424.0
484413.100000 4216493.300000 65454.0
484139.000000 4216654.700000 65484.0
483778.000000 4216797.600000 65514.0
483710.700000 4216904.400000 65544.0
483443.000000 4216766.100000 65574.0
483240.700000 4216464.700000 65604.0
483218.600000 4216373.800000 65634.0
483190.300000 4216250.600000 65664.0
483190.300000 4216249.400000 65694.0
483130.900000 4215946.400000 65724.0
483110.000000 4215607.900000 65754.0
483155.800000 4215270.400000 65784.0
483155.000000 4215267.100000 65814.0
483238.500000 4214991.800000 65844.0
483123.000000 4214694.500000 65874.0
482950.400000 4214379.900000 65904.0
482957.000000 4214167.000000 65934.0
482749.100000 4214168.700000 65964.0
482596.600000 4214199.100000 65994.0
482559.800000 4214212.300000 66024.0
482455.400000 4214212.500000 66054.0
