483296.200000 4213419.200000 21066.0
483287.600000 4213429.400000 21096.0
483319.400000 4213534.800000 21126.0
483366.100000 4213625.700000 21156.0
483358.700000 4213867.400000 21186.0
483351.800000 4213902.900000 21216.0
483431.200000 4214153.300000 21246.0
483540.500000 4214412.600000 21276.0
483677.200000 4214753.900000 21306.0
483734.900000 4215108.900000 21336.0
483793.000000 4215238.700000 21366.0
483894.200000 4215395.900000 21396.0
483900.400000 4215424.700000 21426.0
483960.300000 4215513.500000 21456.0
484172.900000 4215684.100000 21486.0
484341.000000 4216041.000000 21516.0
484417.800000 4216347.300000 21546.0
484485.800000 4216543.500000 21576.0
484724.800000 4216809.300000 21606.0
