484040.700000 4216836.400000 26703.0
484146.600000 4216811.700000 26733.0
484232.500000 4216773.800000 26763.0
484267.700000 4216794.900000 26793.0
484281.800000 4216816.900000 26823.0
484316.900000 4216814.700000 26853.0
484371.900000 4216739.300000 26883.0
484371.800000 4216685.100000 26913.0
484456.800000 4216618.500000 26943.0
484532.300000 4216621.700000 26973.0
484609.500000 4216680.400000 27003.0
484685.500000 4216577.000000 27033.0
484646.700000 4216456.000000 27063.0
484772.700000 4216330.500000 27093.0
484777.800000 4216299.600000 27123.0
484777.800000 4216297.500000 27153.0
484798.800000 4216244.100000 27183.0
484771.800000 4216402.900000 27213.0
484538.700000 4216503.200000 27243.0
