484106.000000 4216975.100000 26822.0
484074.900000 4216827.500000 26852.0
484229.200000 4216769.600000 26882.0
484258.900000 4216769.600000 26912.0
484338.800000 4216797.300000 26942.0
484456.900000 4216680.700000 26972.0
484535.700000 4216611.600000 27002.0
484557.600000 4216601.400000 27032.0
484662.900000 4216623.200000 27062.0
484611.800000 4216476.800000 27092.0
484728.200000 4216411.000000 27122.0
484780.700000 4216298.800000 27152.0
484782.300000 4216298.800000 27182.0
484794.500000 4216268.700000 27212.0
484791.800000 4216281.800000 27242.0
484761.300000 4216407.200000 27272.0
484541.400000 4216499.800000 27302.0
484510.600000 4216512.200000 27332.0
484507.100000 4216512.200000 27362.0
484481.600000 4216475.400000 27452.0
484419.800000 4216247.000000 27482.0
484407.600000 4216257.100000 27512.0
484383.300000 4216302.900000 28314.0
484372.600000 4216234.300000 28380.0
484419.100000 4216234.300000 28410.0
484383.700000 4216093.400000 28440.0
484428.300000 4216034.500000 28470.0
484475.600000 4216011.100000 28500.0
484434.200000 4215907.000000 28530.0
484404.200000 4215762.800000 28560.0
484346.000000 4215586.400000 28590.0
484166.200000 4215577.800000 28620.0
484050.200000 4215444.700000 28650.0
484023.800000 4215411.400000 28680.0
483944.700000 4215290.500000 28710.0
483937.500000 4215199.500000 28740.0
483968.400000 4214832.000000 28770.0
484072.700000 4214370.000000 28800.0
484107.600000 4214237.900000 28830.0
484107.500000 4214234.500000 28860.0
484162.300000 4213997.000000 28890.0
484157.600000 4213813.700000 28920.0
484133.400000 4213575.000000 28950.0
