484151.200000 4213703.300000 49523.0
484165.700000 4213948.300000 49553.0
484123.100000 4214129.100000 49583.0
484035.100000 4214461.100000 49613.0
484014.100000 4214548.800000 49643.0
483935.900000 4214913.800000 49673.0
483968.700000 4215110.100000 49703.0
484046.100000 4215222.100000 49733.0
484127.900000 4215357.400000 49763.0
484035.100000 4215420.600000 49793.0
484139.700000 4215547.800000 49823.0
484356.400000 4215583.000000 49853.0
484486.500000 4215782.500000 49883.0
484526.400000 4216018.600000 49913.0
484495.100000 4216160.900000 49943.0
484527.800000 4216287.400000 49973.0
484597.300000 4216451.500000 50003.0
484688.500000 4216443.700000 50033.0
484765.300000 4216321.600000 50063.0
484777.500000 4216296.200000 50093.0
484774.900000 4216322.900000 50123.0
484730.400000 4216428.400000 50153.0
484518.300000 4216517.700000 50183.0
484517.500000 4216515.500000 50213.0
484495.600000 4216525.700000 50243.0
484485.000000 4216502.500000 50273.0
484395.100000 4216275.400000 50303.0
484190.300000 4216466.600000 50333.0
484089.400000 4216433.400000 50363.0
484001.600000 4216369.200000 50393.0
483917.600000 4216392.700000 50423.0
483960.900000 4216587.700000 50453.0
483991.900000 4216706.200000 50483.0
483994.600000 4216720.600000 50513.0
484094.800000 4216827.900000 50543.0
484223.700000 4216783.200000 50573.0
484242.900000 4216772.100000 50603.0
484260.500000 4216791.100000 50633.0
484354.300000 4216787.600000 50663.0
484504.000000 4216649.700000 50693.0
484561.100000 4216649.600000 50723.0
484880.700000 4216967.300000 50753.0
