482483.500000 4215460.200000 61981.0
482615.500000 4215700.800000 62011.0
482755.400000 4215924.800000 62041.0
483004.000000 4216110.500000 62071.0
483164.600000 4216191.000000 62101.0
483164.600000 4216192.300000 62131.0
483174.300000 4216194.400000 62161.0
483246.800000 4216492.600000 62191.0
483468.300000 4216801.600000 62221.0
483723.600000 4216814.200000 62251.0
483915.400000 4216758.400000 62281.0
484018.900000 4216713.700000 62311.0
484285.100000 4216563.400000 62341.0
484417.400000 4216483.100000 62371.0
484435.000000 4216477.600000 62401.0
484438.500000 4216479.700000 62431.0
484514.900000 4216567.200000 62461.0
484805.700000 4216884.900000 62491.0
