483283.300000 4213497.200000 21165.0
483349.300000 4213592.300000 21195.0
483382.900000 4213750.900000 21225.0
483364.700000 4213845.300000 21255.0
483372.900000 4214028.600000 21285.0
483501.400000 4214281.400000 21315.0
483598.600000 4214625.400000 21345.0
483740.500000 4214976.800000 21375.0
483801.600000 4215253.900000 21405.0
483864.800000 4215349.000000 21435.0
483875.400000 4215368.000000 21465.0
483976.500000 4215469.000000 21495.0
483994.900000 4215496.900000 21525.0
484028.300000 4215548.900000 21555.0
484154.800000 4215680.700000 21585.0
484307.900000 4215948.800000 21615.0
484398.600000 4216172.900000 21645.0
484433.100000 4216369.200000 21675.0
484531.700000 4216587.500000 21705.0
484797.900000 4216860.800000 21735.0
