484151.500000 4213713.400000 31406.0
484161.400000 4213798.900000 31436.0
484145.300000 4214096.500000 31466.0
484050.400000 4214455.200000 31496.0
483957.400000 4214890.400000 31526.0
483924.900000 4215258.700000 31556.0
483887.300000 4215294.400000 31586.0
483883.000000 4215296.500000 31616.0
483863.800000 4215346.500000 31646.0
483986.000000 4215463.900000 31676.0
484093.300000 4215601.300000 31706.0
484319.200000 4215938.200000 31736.0
484437.500000 4216307.400000 31766.0
484538.000000 4216584.500000 31796.0
484697.100000 4216758.600000 31826.0
