484876.000000 4216859.800000 55969.0
484672.200000 4216624.000000 55999.0
484548.500000 4216565.400000 56029.0
484483.300000 4216399.200000 56059.0
484402.100000 4216081.100000 56089.0
484247.300000 4215846.000000 56119.0
484281.300000 4215788.400000 56149.0
484245.200000 4215702.100000 56179.0
484112.700000 4215689.300000 56209.0
484107.400000 4215653.700000 56239.0
484131.700000 4215479.300000 56269.0
483981.400000 4215336.500000 56299.0
483935.600000 4215271.000000 56329.0
483775.600000 4215070.700000 56359.0
483732.000000 4214761.400000 56389.0
483601.700000 4214481.000000 56419.0
483570.600000 4214342.200000 56449.0
483516.000000 4214221.300000 56479.0
483396.200000 4213950.700000 56509.0
483424.700000 4213754.200000 56539.0
483385.000000 4213618.800000 56569.0
483310.000000 4213422.600000 56599.0
