482433.000000 4215381.600000 59243.0
482551.800000 4215581.100000 59273.0
482672.400000 4215799.300000 59303.0
482842.900000 4216002.900000 59333.0
483009.800000 4216155.800000 59363.0
483125.800000 4216293.100000 59393.0
483159.200000 4216365.000000 59423.0
483126.900000 4216396.000000 59453.0
483102.200000 4216360.400000 59483.0
483146.500000 4216207.100000 59513.0
483157.000000 4216189.300000 59543.0
483288.700000 4216281.300000 59573.0
483495.400000 4216206.400000 59603.0
483551.800000 4216332.900000 59633.0
483612.800000 4216553.700000 59663.0
483679.600000 4216680.100000 59693.0
483896.900000 4216631.900000 59723.0
483915.900000 4216513.300000 59753.0
484064.000000 4216429.600000 59783.0
484401.400000 4216233.900000 59832.0
484399.600000 4216162.800000 59892.0
484381.800000 4216047.200000 59922.0
484479.200000 4216050.400000 59952.0
484411.200000 4215864.300000 59982.0
484399.600000 4215720.000000 60012.0
484401.200000 4215680.200000 60042.0
484327.400000 4215586.000000 60072.0
484158.100000 4215558.400000 60102.0
484025.300000 4215391.000000 60132.0
483966.300000 4215048.300000 60184.0
484015.300000 4214552.200000 60214.0
484111.200000 4214207.900000 60244.0
484111.200000 4214201.100000 60274.0
484165.100000 4213952.500000 60304.0
484158.000000 4213790.000000 60340.0
484126.600000 4213421.800000 60370.0
