484141.200000 4213454.800000 49160.0
484159.200000 4213691.000000 49190.0
484159.300000 4213727.800000 49220.0
484169.200000 4213858.600000 49250.0
484119.700000 4214137.200000 49280.0
484075.400000 4214315.900000 49310.0
484020.600000 4214530.100000 49340.0
483992.800000 4214686.800000 49370.0
483958.500000 4215080.900000 49400.0
483976.100000 4215100.800000 49430.0
484041.200000 4215195.000000 49460.0
484131.700000 4215330.300000 49490.0
484044.200000 4215405.000000 49520.0
484044.300000 4215409.200000 49550.0
484155.900000 4215544.400000 49580.0
484390.100000 4215579.500000 49610.0
484488.700000 4215771.500000 49640.0
484556.600000 4215976.700000 49670.0
484505.300000 4216146.500000 49700.0
484515.900000 4216186.200000 49730.0
484559.100000 4216330.500000 49760.0
484634.700000 4216424.700000 49790.0
484767.000000 4216320.400000 49820.0
484777.500000 4216282.700000 49850.0
484778.300000 4216295.800000 49880.0
484649.700000 4216449.300000 49910.0
484498.100000 4216512.600000 49940.0
484497.300000 4216514.700000 49970.0
484480.500000 4216488.100000 50030.0
484422.200000 4216260.900000 50060.0
484350.400000 4216332.200000 50090.0
484112.200000 4216492.200000 50120.0
484067.300000 4216364.900000 50150.0
483997.300000 4216354.000000 50180.0
483920.300000 4216423.100000 50210.0
483967.100000 4216596.200000 50240.0
483997.100000 4216699.400000 50270.0
484038.500000 4216832.600000 50300.0
484188.400000 4216798.900000 50330.0
484233.000000 4216768.800000 50360.0
484297.000000 4216731.800000 50390.0
484375.100000 4216757.100000 50420.0
484472.300000 4216670.500000 50450.0
484546.800000 4216621.700000 50480.0
484810.400000 4216898.500000 50510.0
