483327.200000 4213521.200000 24085.0
483370.400000 4213592.200000 24115.0
483366.900000 4213594.300000 24145.0
483369.600000 4213606.600000 24205.0
483406.600000 4213709.800000 24235.0
483405.900000 4213775.400000 24265.0
483382.300000 4213889.700000 24295.0
483456.500000 4214166.800000 24325.0
483607.400000 4214566.100000 24355.0
483764.200000 4214944.200000 24385.0
483791.900000 4215191.700000 24415.0
483841.300000 4215282.600000 24445.0
484025.000000 4215495.200000 24475.0
484251.800000 4215771.100000 24505.0
484427.100000 4216211.400000 24535.0
484559.300000 4216612.800000 24565.0
484874.700000 4216937.300000 24595.0
