482426.500000 4215323.200000 63308.0
482521.600000 4215507.100000 63338.0
482645.700000 4215740.900000 63368.0
482756.600000 4215906.200000 63398.0
482932.300000 4216059.900000 63428.0
483031.600000 4216202.700000 63458.0
483116.000000 4216318.100000 63488.0
483152.000000 4216359.100000 63518.0
483161.700000 4216367.900000 63548.0
483192.400000 4216315.800000 63578.0
483172.000000 4216218.100000 63608.0
483151.500000 4216116.100000 63638.0
483101.000000 4215844.500000 63668.0
483113.500000 4215494.000000 63698.0
483133.400000 4215356.400000 63728.0
483158.700000 4215281.900000 63758.0
483389.500000 4215344.500000 63788.0
483647.300000 4215399.400000 63818.0
483760.300000 4215361.500000 63848.0
483793.600000 4215348.300000 63878.0
483796.200000 4215347.000000 63908.0
483797.800000 4215275.100000 63938.0
483754.300000 4215008.900000 63968.0
483630.900000 4214711.600000 63998.0
483578.800000 4214516.600000 64028.0
483524.100000 4214327.100000 64058.0
483451.900000 4214202.800000 64088.0
483379.400000 4213914.300000 64118.0
483388.900000 4213846.600000 64148.0
483349.000000 4213621.500000 64178.0
