484956.500000 4216996.000000 22551.0
484649.200000 4216713.800000 22581.0
484508.500000 4216555.300000 22611.0
484507.700000 4216542.200000 22641.0
484488.400000 4216488.100000 22701.0
484430.000000 4216247.400000 22731.0
484426.500000 4216231.700000 22761.0
484424.800000 4216231.700000 22791.0
484400.900000 4216129.700000 22851.0
484390.200000 4216040.900000 22881.0
484516.300000 4215987.300000 22911.0
484408.300000 4215873.200000 22941.0
484405.300000 4215728.100000 22971.0
484405.000000 4215596.000000 23001.0
484406.300000 4215388.600000 23031.0
484428.700000 4215182.000000 23061.0
484435.300000 4214987.700000 23091.0
484488.700000 4214893.200000 23121.0
484521.800000 4214782.300000 23151.0
484498.900000 4214711.200000 23181.0
484342.700000 4214667.100000 23211.0
484381.000000 4214491.800000 23241.0
484345.700000 4214367.400000 23271.0
484221.800000 4214233.500000 23301.0
484175.300000 4214214.500000 23331.0
484135.600000 4214113.400000 23361.0
484166.800000 4213904.700000 23391.0
484166.700000 4213858.100000 23421.0
484162.300000 4213808.200000 23451.0
484144.300000 4213618.600000 23481.0
