483275.700000 4213448.900000 21107.0
483296.100000 4213514.500000 21137.0
483304.000000 4213536.500000 21167.0
483342.800000 4213606.200000 21227.0
483355.500000 4213843.700000 21257.0
483410.400000 4214120.800000 21287.0
483537.200000 4214386.800000 21317.0
483585.800000 4214569.900000 21347.0
483707.400000 4214826.200000 21377.0
483741.900000 4214990.300000 21407.0
483805.400000 4215257.700000 21437.0
483817.700000 4215284.400000 21467.0
483986.500000 4215476.200000 21497.0
484072.700000 4215591.600000 21527.0
484296.900000 4215908.600000 21557.0
484432.700000 4216329.000000 21587.0
484527.800000 4216569.700000 21617.0
484771.100000 4216830.000000 21647.0
