483295.200000 4213470.500000 21196.0
483362.000000 4213611.300000 21226.0
483394.800000 4213737.800000 21256.0
483366.200000 4213932.100000 21286.0
483370.600000 4213975.300000 21316.0
483505.400000 4214251.400000 21346.0
483603.400000 4214597.400000 21376.0
483756.700000 4214983.100000 21406.0
483830.100000 4215278.000000 21436.0
483859.100000 4215316.900000 21466.0
483995.300000 4215460.900000 21496.0
484112.200000 4215608.400000 21526.0
484302.100000 4215884.400000 21556.0
484434.200000 4216264.700000 21586.0
484518.100000 4216541.800000 21616.0
484824.700000 4216876.400000 21646.0
