483285.500000 4213405.700000 20091.0
483342.900000 4213571.100000 20121.0
483385.200000 4213633.200000 20151.0
483399.500000 4213758.500000 20181.0
483373.400000 4213862.700000 20211.0
483365.800000 4213982.500000 20241.0
483492.600000 4214234.000000 20271.0
483579.100000 4214509.000000 20301.0
483707.700000 4214798.200000 20331.0
483747.800000 4215101.200000 20361.0
483826.200000 4215276.300000 20391.0
483857.900000 4215324.900000 20421.0
483975.700000 4215445.700000 20451.0
484100.500000 4215604.200000 20481.0
484275.400000 4215850.200000 20511.0
484416.400000 4216208.400000 20541.0
484457.100000 4216394.600000 20571.0
484497.600000 4216519.800000 20601.0
484741.000000 4216797.900000 20631.0
