483290.200000 4213481.100000 21349.0
483285.000000 4213481.100000 21379.0
483333.400000 4213572.000000 21409.0
483366.800000 4213636.200000 21439.0
483362.000000 4213859.300000 21469.0
483446.000000 4214185.500000 21499.0
483549.000000 4214418.500000 21529.0
483654.000000 4214727.700000 21559.0
483738.800000 4215064.800000 21589.0
483782.100000 4215214.600000 21619.0
483804.900000 4215252.200000 21649.0
483897.400000 4215387.500000 21679.0
484011.700000 4215513.800000 21709.0
484079.400000 4215601.300000 21739.0
484146.100000 4215665.500000 21769.0
484338.800000 4216015.600000 21799.0
484455.300000 4216432.700000 21829.0
484665.400000 4216732.800000 21859.0
484948.200000 4216997.700000 21889.0
