484738.800000 4216820.300000 22386.0
484645.600000 4216716.300000 22416.0
484570.900000 4216625.500000 22446.0
484553.300000 4216605.600000 22476.0
484534.800000 4216550.200000 22506.0
484533.700000 4216434.700000 22536.0
484499.500000 4216378.000000 22566.0
484414.200000 4216260.500000 22596.0
484395.800000 4216253.300000 23862.0
484303.700000 4216323.400000 23892.0
484409.700000 4216269.000000 23952.0
484364.800000 4216176.800000 24012.0
484487.300000 4216032.200000 24042.0
484531.900000 4216001.200000 24072.0
484418.500000 4215835.100000 24102.0
484414.600000 4215597.700000 24132.0
484167.300000 4215555.800000 24162.0
484142.700000 4215533.900000 24192.0
483981.900000 4215318.700000 24222.0
483946.600000 4215262.100000 24252.0
483976.900000 4215023.300000 24282.0
483969.900000 4215016.600000 24312.0
483968.200000 4215018.700000 24342.0
483992.300000 4214734.600000 24372.0
483995.700000 4214706.700000 24402.0
484020.100000 4214576.700000 24432.0
484114.800000 4214189.200000 24462.0
484157.500000 4214028.300000 24492.0
484166.000000 4213916.100000 24522.0
484139.000000 4213552.200000 24552.0
