484796.900000 4216862.900000 60976.0
484520.100000 4216560.400000 61006.0
484488.400000 4216500.400000 61036.0
484378.900000 4216095.500000 61066.0
484502.300000 4216007.700000 61096.0
484390.700000 4215872.400000 61126.0
484387.600000 4215638.400000 61156.0
484253.400000 4215598.800000 61186.0
484078.700000 4215488.300000 61216.0
483963.500000 4215337.400000 61246.0
483922.100000 4215208.800000 61276.0
483955.500000 4214843.900000 61306.0
484031.100000 4214478.900000 61336.0
484089.300000 4214248.100000 61366.0
484151.100000 4213992.800000 61396.0
484150.900000 4213912.800000 61426.0
484141.900000 4213721.900000 61456.0
