484116.500000 4213409.200000 58000.0
484141.800000 4213757.500000 58030.0
484148.100000 4213845.100000 58060.0
484147.300000 4213853.900000 58090.0
484146.500000 4213878.500000 58120.0
483906.200000 4213902.200000 58150.0
483750.100000 4213916.900000 58180.0
483689.600000 4213924.700000 58210.0
483674.700000 4213932.300000 58240.0
483673.900000 4213933.600000 58270.0
483616.800000 4213937.900000 58300.0
483598.400000 4213943.500000 58330.0
483579.200000 4213946.900000 58360.0
483534.500000 4213953.800000 58390.0
483497.800000 4213960.600000 58480.0
483480.200000 4213959.400000 58510.0
483454.800000 4213963.700000 58600.0
483436.400000 4213963.700000 58630.0
483395.200000 4213965.100000 58720.0
483392.500000 4213965.100000 58750.0
483360.100000 4213968.500000 58810.0
483291.700000 4213972.900000 58840.0
483052.300000 4213992.400000 58870.0
482967.200000 4213987.100000 58900.0
482965.400000 4213940.500000 58930.0
482968.000000 4213930.400000 58960.0
482964.500000 4213896.100000 58990.0
482740.000000 4213922.000000 59020.0
