484125.500000 4213403.600000 57796.0
484149.000000 4213758.700000 57826.0
484156.200000 4213858.600000 57856.0
484159.700000 4213873.000000 57886.0
484135.100000 4213886.100000 57916.0
483444.200000 4213959.500000 58006.0
483013.700000 4213988.300000 58066.0
482985.600000 4213989.600000 58126.0
482977.700000 4213988.300000 58156.0
482973.300000 4213963.800000 58186.0
482974.900000 4213935.900000 58216.0
482960.800000 4213894.800000 58246.0
482938.900000 4213892.800000 58276.0
482677.400000 4213805.700000 58306.0
482673.700000 4213753.600000 58336.0
482669.800000 4213529.300000 58366.0
