484806.900000 4216892.500000 48448.0
484542.400000 4216607.800000 48478.0
484431.300000 4216279.500000 48508.0
484375.700000 4216062.100000 48538.0
484521.100000 4216001.700000 48568.0
484406.800000 4215887.600000 48598.0
484406.300000 4215653.600000 48628.0
484284.300000 4215593.700000 48658.0
484119.200000 4215517.400000 48688.0
484023.500000 4215402.000000 48718.0
483932.900000 4215268.900000 48748.0
483959.900000 4215113.500000 48778.0
483981.900000 4214739.700000 48808.0
484074.900000 4214322.200000 48838.0
484143.700000 4214061.300000 48868.0
484159.900000 4213810.700000 48898.0
484156.300000 4213756.600000 48928.0
