484151.000000 4213667.300000 49293.0
484171.600000 4213891.600000 49323.0
484145.700000 4214068.100000 49353.0
484078.600000 4214326.900000 49383.0
484022.000000 4214545.400000 49413.0
483987.200000 4214724.100000 49443.0
483980.100000 4215111.300000 49473.0
483988.800000 4215127.000000 49503.0
484082.100000 4215256.700000 49533.0
484109.500000 4215357.900000 49563.0
484042.100000 4215422.300000 49593.0
484204.600000 4215563.000000 49623.0
484429.200000 4215637.000000 49653.0
484544.600000 4215914.000000 49683.0
484503.900000 4216113.900000 49713.0
484509.200000 4216170.600000 49743.0
484535.600000 4216272.600000 49773.0
484614.000000 4216418.900000 49803.0
484744.500000 4216378.800000 49833.0
484774.100000 4216278.900000 49863.0
484779.300000 4216271.300000 49893.0
484641.100000 4216437.000000 49923.0
484573.600000 4216465.100000 49953.0
484574.400000 4216468.400000 49983.0
484561.300000 4216481.600000 50013.0
484557.800000 4216487.100000 50043.0
484514.000000 4216513.900000 50103.0
484506.100000 4216510.500000 50133.0
484488.500000 4216491.500000 50193.0
484470.000000 4216423.800000 50223.0
484379.400000 4216281.700000 50253.0
484273.600000 4216379.700000 50283.0
484196.600000 4216449.700000 50313.0
484082.500000 4216411.000000 50343.0
484045.500000 4216317.900000 50373.0
483975.500000 4216333.700000 50403.0
483948.600000 4216530.200000 50433.0
483993.500000 4216685.400000 50463.0
484000.600000 4216706.600000 50493.0
484124.400000 4216792.700000 50523.0
484233.800000 4216738.300000 50553.0
484260.200000 4216792.400000 50583.0
484364.400000 4216736.800000 50613.0
484543.100000 4216623.400000 50643.0
484555.300000 4216622.100000 50673.0
484765.300000 4216851.600000 50703.0
