483284.100000 4213451.400000 19654.0
483323.800000 4213551.300000 19684.0
483386.200000 4213645.500000 19714.0
483386.600000 4213838.500000 19744.0
483373.500000 4213892.700000 19774.0
483382.500000 4214072.600000 19804.0
483326.800000 4214313.500000 19834.0
483272.000000 4214501.100000 19864.0
483202.200000 4214655.400000 19894.0
483250.900000 4214909.200000 19924.0
483149.000000 4215205.700000 19954.0
483144.700000 4215236.600000 19984.0
482888.600000 4215224.900000 20014.0
482527.300000 4215207.800000 20044.0
