484073.300000 4216923.600000 26680.0
484164.200000 4216811.200000 26710.0
484231.700000 4216776.800000 26740.0
484232.500000 4216776.800000 26770.0
484280.800000 4216817.800000 26800.0
484424.400000 4216718.900000 26830.0
484530.200000 4216622.200000 26860.0
484655.700000 4216652.000000 26890.0
484605.400000 4216501.000000 26920.0
484671.100000 4216459.800000 26950.0
484776.900000 4216316.500000 26980.0
484783.900000 4216303.400000 27010.0
484782.200000 4216325.400000 27160.0
484683.400000 4216445.400000 27190.0
484535.400000 4216505.800000 27220.0
484533.700000 4216505.800000 27250.0
484512.700000 4216514.700000 27280.0
484509.100000 4216513.400000 27310.0
484488.000000 4216500.400000 27370.0
484462.500000 4216420.400000 27400.0
484433.300000 4216289.700000 27430.0
484428.100000 4216269.800000 27460.0
484427.100000 4216262.600000 28000.0
484375.000000 4216073.100000 28060.0
484421.400000 4216040.800000 28090.0
484460.100000 4216025.100000 28120.0
484462.700000 4216023.800000 28150.0
484516.200000 4215990.300000 28210.0
484394.000000 4215880.500000 28240.0
484393.700000 4215720.900000 28270.0
484390.900000 4215637.500000 28300.0
484283.000000 4215606.800000 28330.0
484146.100000 4215562.600000 28360.0
484025.700000 4215435.500000 28390.0
484023.100000 4215432.100000 28420.0
483996.700000 4215369.900000 28450.0
483928.000000 4215238.000000 28480.0
483956.300000 4214884.900000 28510.0
484048.400000 4214453.000000 28540.0
484090.200000 4214285.400000 28570.0
484131.100000 4214131.200000 28600.0
484162.300000 4213913.600000 28630.0
484163.900000 4213893.700000 28660.0
484127.200000 4213513.300000 28690.0
