484158.300000 4213742.200000 59625.0
484169.900000 4213867.400000 59655.0
484171.600000 4213864.100000 59685.0
484000.700000 4213902.100000 59715.0
483716.500000 4213928.000000 59745.0
483464.800000 4213953.100000 59775.0
483429.700000 4213957.400000 59805.0
483378.800000 4213966.400000 59835.0
483400.100000 4214048.400000 59865.0
483344.000000 4214118.400000 59895.0
483339.300000 4214372.300000 59925.0
483232.000000 4214632.000000 59955.0
483144.500000 4214718.500000 59985.0
482949.200000 4214453.600000 60015.0
482963.500000 4214169.500000 60045.0
482787.200000 4214168.600000 60075.0
482652.200000 4214186.700000 60105.0
482429.500000 4214206.200000 60135.0
