484886.500000 4216939.000000 25953.0
484518.400000 4216548.100000 25983.0
484477.900000 4216446.200000 26013.0
484406.400000 4216246.600000 26043.0
484378.900000 4216269.900000 27097.0
484346.500000 4216305.500000 27427.0
484265.900000 4216282.400000 27457.0
484401.700000 4216224.600000 27487.0
484407.900000 4216223.300000 27517.0
484369.000000 4216064.600000 27577.0
484448.700000 4216014.500000 27607.0
484450.300000 4216013.300000 27637.0
484491.300000 4215947.600000 27667.0
484394.500000 4215780.100000 27697.0
484336.300000 4215571.600000 27727.0
484145.000000 4215541.900000 27757.0
484016.800000 4215414.800000 27787.0
483993.000000 4215352.600000 27817.0
483921.700000 4215258.300000 27847.0
483960.800000 4215054.200000 27877.0
483960.800000 4215054.200000 27907.0
483980.400000 4214744.800000 27937.0
483989.000000 4214702.500000 27967.0
484004.600000 4214633.400000 27997.0
484086.400000 4214289.200000 28027.0
484096.900000 4214260.400000 28057.0
484124.800000 4214142.600000 28087.0
484153.600000 4214062.600000 28117.0
484163.200000 4214012.600000 28147.0
484163.000000 4213941.500000 28177.0
484164.700000 4213921.600000 28207.0
484141.300000 4213613.100000 28237.0
