482465.200000 4215409.900000 58621.0
482587.600000 4215644.900000 58651.0
482665.000000 4215789.100000 58681.0
482826.800000 4215988.600000 58711.0
483020.000000 4216182.400000 58741.0
483118.500000 4216315.600000 58771.0
483108.100000 4216404.500000 58801.0
483109.800000 4216408.700000 58831.0
483074.700000 4216426.500000 58861.0
483172.000000 4216411.900000 58891.0
483177.200000 4216416.200000 58921.0
483221.200000 4216470.300000 58981.0
483345.100000 4216648.600000 59011.0
483605.000000 4216824.600000 59041.0
483758.500000 4216796.400000 59071.0
483879.500000 4216763.900000 59101.0
483958.300000 4216729.500000 59131.0
484038.900000 4216697.200000 59161.0
484240.300000 4216533.800000 59191.0
484150.500000 4216382.100000 59221.0
484267.900000 4216303.100000 59251.0
484402.800000 4216240.600000 59281.0
484357.800000 4216065.500000 59311.0
484445.300000 4216031.000000 59341.0
484470.700000 4216022.100000 59371.0
484392.400000 4215901.200000 59401.0
484388.400000 4215662.500000 59431.0
484210.400000 4215605.300000 59461.0
484040.800000 4215460.400000 59491.0
483936.100000 4215295.100000 59521.0
483937.600000 4215195.200000 59551.0
483988.400000 4214713.500000 59581.0
484054.300000 4214403.900000 59611.0
484066.400000 4214347.200000 59641.0
484069.100000 4214334.900000 59671.0
484083.900000 4214286.200000 59701.0
484083.900000 4214282.000000 59731.0
484097.000000 4214229.900000 59761.0
484099.600000 4214201.100000 59791.0
484155.200000 4213895.800000 59821.0
484139.100000 4213705.000000 59851.0
