484090.000000 4216944.300000 26657.0
484077.600000 4216819.900000 26687.0
484222.200000 4216770.900000 26717.0
484231.800000 4216765.400000 26747.0
484282.700000 4216802.100000 26777.0
484388.700000 4216753.200000 26807.0
484492.000000 4216649.800000 26837.0
484565.500000 4216620.800000 26867.0
484703.100000 4216601.500000 26897.0
484605.600000 4216474.300000 26927.0
484757.100000 4216379.600000 26957.0
484778.000000 4216297.500000 26987.0
484783.200000 4216287.300000 27017.0
484791.000000 4216271.700000 27047.0
484758.800000 4216403.800000 27077.0
484526.700000 4216502.000000 27107.0
484513.500000 4216508.800000 27137.0
484485.300000 4216491.000000 27167.0
484461.500000 4216419.100000 27197.0
484411.100000 4216246.100000 27227.0
484400.600000 4216259.300000 27257.0
484310.100000 4216320.800000 27843.0
484260.900000 4216296.400000 27873.0
484402.700000 4216231.700000 27903.0
484382.300000 4216119.600000 27933.0
484443.500000 4216027.200000 27963.0
484460.200000 4216017.000000 27993.0
484488.300000 4216006.800000 28023.0
484476.800000 4215935.700000 28053.0
484411.800000 4215889.300000 28083.0
484402.100000 4215890.600000 28113.0
484399.400000 4215876.200000 28173.0
484403.300000 4215664.200000 28203.0
484305.900000 4215597.900000 28233.0
484140.000000 4215544.000000 28263.0
484027.600000 4215425.700000 28293.0
484024.000000 4215405.800000 28323.0
483963.300000 4215310.700000 28353.0
483921.000000 4215265.500000 28383.0
483951.100000 4214924.700000 28413.0
484043.300000 4214466.200000 28443.0
484099.900000 4214241.700000 28473.0
484136.400000 4214097.300000 28503.0
484165.000000 4213908.500000 28533.0
484152.500000 4213760.000000 28563.0
