482412.600000 4215322.800000 58448.0
482549.000000 4215523.100000 58478.0
482667.900000 4215756.900000 58508.0
482806.000000 4215951.800000 58538.0
482999.200000 4216152.000000 58568.0
483102.000000 4216285.100000 58598.0
483133.000000 4216395.100000 58628.0
483121.700000 4216406.100000 58658.0
483114.500000 4216309.600000 58688.0
483149.300000 4216193.200000 58718.0
483158.000000 4216191.900000 58748.0
483121.600000 4215938.800000 58808.0
483083.400000 4215678.200000 58838.0
483113.600000 4215394.100000 58868.0
483132.700000 4215317.500000 58898.0
483297.600000 4215307.000000 58928.0
483603.000000 4215409.600000 58958.0
483585.200000 4215302.200000 58988.0
483721.100000 4215252.000000 59018.0
483778.900000 4215223.100000 59048.0
483918.300000 4215156.300000 59078.0
483940.900000 4215084.300000 59108.0
483992.700000 4214620.300000 59138.0
484071.000000 4214296.400000 59168.0
484083.200000 4214262.100000 59198.0
484140.600000 4214025.800000 59228.0
484150.200000 4213953.800000 59258.0
484155.100000 4213842.900000 59288.0
484157.700000 4213789.600000 59318.0
