482432.000000 4215394.700000 62364.0
482548.200000 4215612.900000 62394.0
482676.700000 4215845.800000 62424.0
482858.500000 4216036.300000 62454.0
482986.700000 4216159.200000 62484.0
483081.700000 4216292.300000 62514.0
483150.200000 4216383.200000 62544.0
483114.300000 4216408.700000 62574.0
483098.600000 4216421.800000 62604.0
483101.900000 4216306.300000 62634.0
483187.000000 4216286.200000 62664.0
483261.100000 4216520.100000 62694.0
483503.700000 4216831.600000 62724.0
483719.400000 4216807.900000 62754.0
483865.800000 4216773.300000 62784.0
483917.400000 4216753.300000 62814.0
484045.200000 4216695.500000 62844.0
484250.100000 4216508.800000 62874.0
484172.700000 4216352.400000 62904.0
484403.900000 4216222.000000 62934.0
484375.500000 4216054.500000 62964.0
484454.400000 4216023.400000 62994.0
484494.700000 4216019.900000 63024.0
484402.300000 4215888.100000 63054.0
484402.800000 4215714.900000 63084.0
484284.900000 4215589.900000 63114.0
484112.000000 4215501.300000 63144.0
483991.600000 4215347.500000 63174.0
483923.000000 4215242.200000 63204.0
483953.900000 4214881.600000 63234.0
484064.300000 4214384.400000 63264.0
484153.200000 4214030.400000 63294.0
484162.600000 4213918.300000 63324.0
484157.200000 4213773.900000 63354.0
