484172.800000 4213817.900000 57781.0
484175.600000 4213875.500000 57811.0
483948.500000 4213908.100000 57841.0
483577.500000 4213946.500000 57871.0
483393.400000 4213968.900000 57901.0
483389.900000 4213971.000000 57931.0
483242.500000 4213985.700000 57991.0
482994.300000 4214010.700000 58021.0
482991.500000 4213939.600000 58051.0
482989.800000 4213926.500000 58081.0
482771.500000 4213933.700000 58111.0
482691.400000 4213789.600000 58141.0
482687.600000 4213656.300000 58171.0
482683.600000 4213433.200000 58201.0
482780.200000 4213452.900000 58231.0
482798.100000 4213606.900000 58261.0
482807.100000 4213744.500000 58291.0
482815.200000 4213895.600000 58321.0
482681.100000 4213913.600000 58351.0
