483273.700000 4213426.900000 21175.0
483330.200000 4213569.000000 21205.0
483368.000000 4213638.800000 21235.0
483369.100000 4213788.600000 21265.0
483347.500000 4213926.200000 21295.0
483433.900000 4214161.400000 21325.0
483545.800000 4214409.600000 21355.0
483593.600000 4214604.600000 21385.0
483707.100000 4214822.000000 21415.0
483773.500000 4215198.100000 21445.0
483985.500000 4215460.500000 21475.0
484052.200000 4215553.500000 21505.0
484247.400000 4215805.000000 21535.0
484414.800000 4216251.600000 21565.0
484451.100000 4216422.500000 21595.0
484560.200000 4216616.600000 21625.0
484884.400000 4216944.500000 21655.0
