484792.100000 4216857.400000 60603.0
484512.700000 4216551.500000 60633.0
484499.400000 4216507.100000 60663.0
484439.200000 4216252.000000 60693.0
484449.300000 4216023.400000 60723.0
484456.100000 4215902.400000 60753.0
484416.400000 4215756.000000 60783.0
484330.100000 4215586.400000 60813.0
484138.000000 4215539.000000 60843.0
483993.800000 4215359.300000 60873.0
483931.300000 4215209.600000 60903.0
483973.400000 4214770.200000 60933.0
484076.100000 4214310.800000 60963.0
484141.300000 4214066.400000 60993.0
484148.700000 4213826.900000 61023.0
484150.300000 4213750.200000 61053.0
