484836.100000 4216890.400000 22282.0
484562.000000 4216598.000000 22312.0
484487.200000 4216478.300000 22342.0
484468.700000 4216428.400000 22372.0
484426.200000 4216246.500000 22402.0
484379.100000 4216264.000000 23687.0
484358.000000 4216292.800000 23807.0
484274.800000 4216292.900000 23837.0
484399.100000 4216228.400000 23867.0
484407.800000 4216228.400000 23897.0
484374.200000 4216069.700000 23927.0
484455.700000 4216021.700000 23957.0
484489.000000 4216008.500000 23987.0
484396.600000 4215888.900000 24017.0
484397.100000 4215742.500000 24047.0
484317.900000 4215586.000000 24077.0
484132.000000 4215535.200000 24107.0
484013.300000 4215416.900000 24137.0
484014.200000 4215416.900000 24167.0
483981.600000 4215345.000000 24197.0
483919.200000 4215261.700000 24227.0
483962.600000 4215064.000000 24257.0
483962.600000 4215059.700000 24287.0
483956.100000 4214876.500000 24317.0
483990.900000 4214708.000000 24347.0
484023.000000 4214554.700000 24377.0
484065.700000 4214381.500000 24407.0
484090.100000 4214290.400000 24437.0
484098.700000 4214258.200000 24467.0
484120.500000 4214174.800000 24497.0
484150.000000 4214066.000000 24527.0
484163.100000 4213997.000000 24557.0
484164.700000 4213920.400000 24587.0
484152.000000 4213690.600000 24617.0
484137.400000 4213418.900000 24647.0
