484640.800000 4216697.300000 52853.0
484508.000000 4216541.000000 52883.0
484493.900000 4216496.500000 52913.0
484426.800000 4216196.100000 52943.0
484263.800000 4215815.900000 52973.0
484185.400000 4215686.200000 53003.0
484102.800000 4215596.600000 53033.0
484045.600000 4215523.500000 53063.0
483906.900000 4215387.500000 53093.0
483870.800000 4215332.100000 53123.0
483769.400000 4215049.500000 53153.0
483676.600000 4214722.500000 53183.0
483646.700000 4214665.000000 53213.0
483628.200000 4214611.700000 53243.0
483623.000000 4214594.000000 53273.0
483596.400000 4214460.700000 53303.0
483553.200000 4214316.500000 53333.0
483463.300000 4214154.500000 53363.0
483406.000000 4214030.200000 53393.0
483399.800000 4214017.100000 53423.0
483399.600000 4213885.000000 53453.0
483421.200000 4213758.400000 53483.0
483362.200000 4213595.600000 53513.0
483354.300000 4213585.500000 53543.0
