484895.000000 4216970.700000 22534.0
484579.600000 4216648.300000 22564.0
484501.400000 4216556.200000 22594.0
484501.400000 4216552.000000 22624.0
484451.000000 4216387.800000 22654.0
484421.000000 4216239.300000 22684.0
484421.000000 4216238.100000 22714.0
484400.600000 4216147.100000 22804.0
484466.100000 4216016.200000 22834.0
484470.200000 4215927.300000 22864.0
484407.800000 4215824.100000 22894.0
484403.100000 4215614.600000 22924.0
484410.600000 4215429.200000 22954.0
484428.500000 4215184.100000 22984.0
484439.500000 4214977.600000 23014.0
484502.300000 4214853.000000 23044.0
484405.800000 4214819.700000 23074.0
484425.700000 4214692.300000 23104.0
484350.100000 4214601.500000 23134.0
484383.100000 4214424.000000 23164.0
484218.800000 4214225.900000 23194.0
484128.400000 4214204.000000 23224.0
484151.800000 4214017.700000 23254.0
484159.500000 4213937.700000 23284.0
484160.200000 4213872.100000 23314.0
484155.700000 4213804.400000 23344.0
484147.700000 4213692.300000 23374.0
