482760.800000 4216645.200000 47870.0
483039.900000 4216783.400000 47900.0
483279.100000 4216749.500000 47930.0
483372.000000 4216696.000000 47960.0
483380.700000 4216696.000000 47990.0
483473.900000 4216814.300000 48020.0
483578.300000 4216835.200000 48050.0
483738.600000 4216804.000000 48080.0
484012.000000 4216709.100000 48110.0
484055.500000 4216546.900000 48140.0
484095.500000 4216404.600000 48170.0
484336.400000 4216261.900000 48200.0
484354.800000 4216249.600000 48230.0
484354.800000 4216248.300000 48260.0
484403.900000 4216235.100000 48320.0
484400.300000 4216183.900000 48350.0
484248.800000 4215823.600000 48380.0
484108.100000 4215623.200000 48410.0
484094.000000 4215607.600000 48440.0
484044.700000 4215542.100000 48470.0
483949.800000 4215445.800000 48500.0
483873.400000 4215353.700000 48530.0
483867.200000 4215348.200000 48560.0
483862.700000 4215311.400000 48590.0
483952.800000 4215153.700000 48620.0
483978.300000 4214782.900000 48650.0
484082.600000 4214327.700000 48680.0
484096.600000 4214258.700000 48710.0
484140.100000 4214095.600000 48740.0
484160.100000 4213965.700000 48770.0
484161.600000 4213895.800000 48800.0
484129.300000 4213531.900000 48830.0
