483324.000000 4213475.100000 24152.0
483318.800000 4213481.800000 24182.0
483363.600000 4213574.000000 24212.0
483404.100000 4213663.700000 24242.0
483402.700000 4213788.100000 24272.0
483395.800000 4213842.300000 24302.0
483391.800000 4214017.500000 24332.0
483524.800000 4214288.200000 24362.0
483629.900000 4214649.800000 24392.0
483771.000000 4215011.400000 24422.0
483820.700000 4215254.300000 24452.0
483929.700000 4215425.900000 24482.0
484099.300000 4215597.400000 24512.0
484314.800000 4215881.000000 24542.0
484459.400000 4216316.700000 24572.0
484703.100000 4216743.300000 24602.0
