483683.800000 4216904.400000 43467.0
483402.800000 4216714.100000 43497.0
483223.200000 4216416.900000 43527.0
483180.700000 4216243.900000 43557.0
483144.500000 4216094.100000 43587.0
483114.300000 4215908.800000 43617.0
483109.100000 4215490.600000 43647.0
483155.800000 4215164.200000 43677.0
483180.400000 4214796.800000 43707.0
482937.700000 4214481.100000 43737.0
482961.500000 4214060.300000 43767.0
483064.600000 4213868.000000 43797.0
483041.500000 4213709.300000 43827.0
482965.600000 4213486.400000 43857.0
