484816.700000 4216882.400000 22535.0
484518.900000 4216562.100000 22565.0
484508.400000 4216545.600000 22595.0
484447.400000 4216345.100000 22625.0
484425.300000 4216233.000000 22655.0
484424.500000 4216233.000000 22685.0
484396.200000 4216126.400000 22865.0
484377.600000 4216047.700000 22895.0
484513.500000 4216000.900000 22925.0
484392.200000 4215876.700000 22955.0
484396.100000 4215661.200000 22985.0
484407.100000 4215451.700000 23015.0
484431.200000 4215160.000000 23045.0
484447.500000 4214980.100000 23075.0
484508.600000 4214828.000000 23105.0
484532.300000 4214759.000000 23135.0
484437.500000 4214702.400000 23165.0
484343.500000 4214639.600000 23195.0
484387.800000 4214445.200000 23225.0
484303.400000 4214322.200000 23255.0
484218.100000 4214233.500000 23285.0
484146.100000 4214209.100000 23315.0
484155.500000 4214013.900000 23345.0
484160.300000 4213848.400000 23375.0
484130.800000 4213542.000000 23405.0
