483266.800000 4213435.000000 21382.0
483263.400000 4213461.600000 21412.0
483313.600000 4213560.200000 21442.0
483340.000000 4213622.300000 21472.0
483354.300000 4213776.400000 21502.0
483333.500000 4213907.200000 21532.0
483433.100000 4214162.200000 21562.0
483555.600000 4214443.900000 21592.0
483689.600000 4214776.300000 21622.0
483761.500000 4215176.500000 21652.0
483814.300000 4215261.900000 21682.0
483948.800000 4215420.400000 21712.0
484064.000000 4215566.600000 21742.0
484196.700000 4215716.200000 21772.0
484311.200000 4215950.000000 21802.0
484449.700000 4216403.500000 21832.0
484630.000000 4216685.100000 21862.0
484910.200000 4216961.800000 21892.0
