484672.900000 4216733.200000 22355.0
484474.200000 4216444.900000 22385.0
484396.800000 4216265.200000 22415.0
484383.800000 4216273.300000 23720.0
484311.100000 4216328.800000 23870.0
484396.000000 4216223.300000 23900.0
484393.200000 4216117.900000 23930.0
484464.000000 4216016.600000 23960.0
484469.200000 4216013.200000 23990.0
484440.900000 4215903.200000 24020.0
484406.400000 4215711.100000 24050.0
484297.500000 4215586.900000 24080.0
484155.400000 4215547.400000 24110.0
484038.600000 4215421.100000 24140.0
483984.900000 4215313.700000 24170.0
483936.600000 4215258.300000 24200.0
483968.700000 4215097.400000 24230.0
483965.200000 4215096.100000 24260.0
483954.300000 4214933.200000 24290.0
483988.000000 4214703.300000 24320.0
483988.000000 4214696.500000 24350.0
484039.200000 4214461.100000 24380.0
484101.000000 4214222.300000 24410.0
484110.600000 4214193.500000 24440.0
484153.300000 4214031.300000 24470.0
484163.600000 4213871.700000 24500.0
484153.700000 4213779.400000 24530.0
484133.800000 4213459.900000 24560.0
