484153.500000 4213694.400000 49215.0
484166.000000 4213812.000000 49245.0
484151.600000 4214076.100000 49275.0
484120.200000 4214179.500000 49305.0
484094.100000 4214270.500000 49335.0
484023.500000 4214549.200000 49365.0
484007.900000 4214621.200000 49395.0
483954.400000 4215027.200000 49425.0
483975.600000 4215113.500000 49455.0
484026.600000 4215199.700000 49485.0
484126.900000 4215339.200000 49515.0
484038.400000 4215411.300000 49545.0
484034.900000 4215412.600000 49575.0
484039.300000 4215434.600000 49695.0
484166.700000 4215565.100000 49725.0
484386.000000 4215594.800000 49755.0
484488.900000 4215793.100000 49785.0
484529.600000 4216008.400000 49815.0
484493.900000 4216135.900000 49845.0
484524.800000 4216240.000000 49875.0
484589.200000 4216399.400000 49905.0
484721.600000 4216389.000000 49935.0
484765.200000 4216278.900000 49965.0
484784.400000 4216242.000000 49995.0
484726.800000 4216400.900000 50025.0
484518.300000 4216483.400000 50055.0
484513.900000 4216488.900000 50085.0
484499.100000 4216503.300000 50115.0
484499.900000 4216507.500000 50145.0
484485.800000 4216479.600000 50205.0
484451.500000 4216343.400000 50235.0
484374.300000 4216293.600000 50265.0
484103.700000 4216465.100000 50295.0
484063.900000 4216327.600000 50325.0
483973.700000 4216351.100000 50355.0
483944.200000 4216505.200000 50385.0
483993.800000 4216705.700000 50415.0
483993.800000 4216707.900000 50445.0
484041.300000 4216838.500000 50475.0
484185.100000 4216800.600000 50505.0
484238.500000 4216771.700000 50535.0
484257.800000 4216780.600000 50565.0
484353.300000 4216784.600000 50595.0
484446.100000 4216698.100000 50625.0
484544.100000 4216617.900000 50655.0
484785.700000 4216872.700000 50685.0
