484133.800000 4213449.800000 52854.0
484156.300000 4213770.500000 52884.0
484150.600000 4213995.700000 52914.0
484112.200000 4214152.400000 52944.0
484060.000000 4214367.900000 52974.0
483980.800000 4214713.100000 53004.0
483949.100000 4215057.200000 53034.0
484048.400000 4215217.900000 53064.0
484129.200000 4215337.500000 53094.0
484107.400000 4215362.100000 53124.0
484105.000000 4215489.500000 53154.0
484297.100000 4215559.000000 53184.0
484449.900000 4215679.700000 53214.0
484544.900000 4215902.600000 53244.0
484526.000000 4216075.800000 53274.0
484512.900000 4216132.500000 53304.0
484512.900000 4216136.700000 53334.0
484525.300000 4216225.600000 53364.0
484553.600000 4216341.900000 53394.0
484630.100000 4216442.900000 53424.0
484759.700000 4216372.900000 53454.0
484777.100000 4216290.700000 53484.0
484798.900000 4216228.500000 53514.0
484767.600000 4216388.100000 53544.0
484546.900000 4216490.500000 53574.0
484522.300000 4216502.800000 53604.0
484496.900000 4216509.700000 53634.0
484488.200000 4216499.500000 53664.0
484423.700000 4216260.900000 53694.0
484368.600000 4216287.700000 53724.0
484210.900000 4216414.500000 53754.0
484088.200000 4216436.800000 53784.0
484063.400000 4216324.700000 53814.0
483997.700000 4216342.600000 53844.0
483924.200000 4216363.900000 53874.0
483944.700000 4216493.800000 53904.0
483988.800000 4216656.600000 53934.0
484001.100000 4216706.600000 53964.0
484152.700000 4216635.200000 53994.0
484231.700000 4216690.500000 54024.0
484235.300000 4216745.900000 54054.0
484206.400000 4216765.000000 54084.0
484052.200000 4216809.700000 54114.0
484088.400000 4216939.600000 54144.0
