483290.600000 4213439.600000 63317.0
483345.200000 4213574.900000 63347.0
483368.100000 4213621.400000 63377.0
483390.100000 4213689.100000 63407.0
483386.800000 4213792.400000 63437.0
483362.500000 4213908.000000 63467.0
483361.600000 4213909.300000 63497.0
483314.400000 4213962.700000 63527.0
483080.200000 4213985.200000 63557.0
482997.800000 4213994.200000 63587.0
482983.700000 4213986.600000 63617.0
482981.000000 4213952.400000 63737.0
482927.400000 4213909.300000 63767.0
482715.100000 4213913.100000 63797.0
