484876.200000 4216936.000000 22245.0
484562.500000 4216610.300000 22275.0
484500.100000 4216529.500000 22305.0
484478.100000 4216467.400000 22335.0
484428.600000 4216260.900000 22365.0
484390.900000 4216274.100000 22395.0
484378.100000 4216274.100000 23772.0
484353.600000 4216318.600000 23892.0
484271.100000 4216285.300000 23922.0
484406.900000 4216225.000000 23952.0
484376.900000 4216096.400000 23982.0
484406.500000 4216034.100000 24012.0
484474.900000 4216008.600000 24042.0
484438.800000 4215913.400000 24072.0
484402.500000 4215751.300000 24102.0
484321.600000 4215583.000000 24132.0
484129.500000 4215532.200000 24162.0
484016.200000 4215420.300000 24192.0
483993.300000 4215352.600000 24222.0
483936.100000 4215269.300000 24252.0
483963.800000 4215064.000000 24282.0
483963.800000 4215056.400000 24312.0
483960.300000 4215056.400000 24342.0
483955.600000 4214871.000000 24372.0
483988.500000 4214708.800000 24402.0
484014.600000 4214597.900000 24432.0
484094.500000 4214242.600000 24462.0
484100.700000 4214226.900000 24492.0
484157.200000 4213970.300000 24522.0
484159.700000 4213868.300000 24552.0
484129.900000 4213445.500000 24582.0
