484904.800000 4216973.200000 52672.0
484615.800000 4216674.100000 52702.0
484526.100000 4216570.100000 52732.0
484470.700000 4216413.600000 52762.0
484333.000000 4215958.900000 52792.0
484212.400000 4215714.900000 52822.0
484165.000000 4215667.200000 52852.0
484048.200000 4215525.200000 52882.0
483967.400000 4215445.300000 52912.0
483914.600000 4215406.500000 52942.0
483868.800000 4215338.900000 52972.0
483828.400000 4215262.300000 53002.0
483774.300000 4214976.300000 53032.0
483638.700000 4214654.900000 53062.0
483577.600000 4214407.400000 53092.0
483490.400000 4214209.900000 53122.0
483386.300000 4213959.600000 53152.0
483395.900000 4213877.400000 53182.0
483392.700000 4213636.600000 53212.0
483310.800000 4213504.700000 53242.0
