484137.100000 4213433.700000 49042.0
484165.900000 4213772.200000 49072.0
484167.100000 4213955.500000 49102.0
484127.100000 4214132.100000 49132.0
484114.000000 4214179.900000 49162.0
484034.700000 4214471.700000 49192.0
484013.000000 4214558.100000 49222.0
483941.700000 4214903.200000 49252.0
483952.600000 4215061.900000 49282.0
483970.200000 4215111.800000 49312.0
484045.100000 4215220.400000 49342.0
484130.400000 4215342.200000 49372.0
484041.100000 4215413.400000 49402.0
484081.500000 4215472.200000 49432.0
484217.700000 4215575.200000 49462.0
484407.100000 4215602.800000 49492.0
484514.600000 4215835.800000 49522.0
484516.600000 4216045.300000 49552.0
484499.300000 4216150.700000 49582.0
484504.500000 4216165.100000 49612.0
484509.700000 4216182.900000 50002.0
484545.900000 4216336.900000 50032.0
484628.600000 4216452.300000 50062.0
484766.800000 4216325.500000 50092.0
484787.000000 4216275.500000 50122.0
484780.800000 4216304.300000 50152.0
484615.400000 4216464.100000 50182.0
484534.900000 4216503.200000 50212.0
484531.400000 4216508.700000 50242.0
484488.400000 4216498.700000 50272.0
484434.400000 4216279.100000 50302.0
484368.000000 4216339.300000 50332.0
484117.600000 4216499.400000 50362.0
484076.200000 4216358.500000 50392.0
484004.300000 4216355.300000 50422.0
483926.300000 4216421.900000 50452.0
483973.200000 4216623.700000 50482.0
483990.900000 4216693.500000 50512.0
484028.700000 4216813.200000 50542.0
484171.700000 4216802.700000 50572.0
484233.000000 4216769.200000 50602.0
484284.800000 4216823.300000 50632.0
484446.700000 4216677.800000 50662.0
484526.400000 4216613.300000 50692.0
484649.300000 4216728.600000 50722.0
