484747.500000 4216826.200000 52409.0
484462.600000 4216420.800000 52439.0
484424.700000 4216234.700000 52469.0
484380.500000 4216046.000000 52499.0
484528.500000 4215974.600000 52529.0
484411.700000 4215846.100000 52559.0
484406.900000 4215612.100000 52589.0
484242.000000 4215592.500000 52619.0
484097.900000 4215476.400000 52649.0
483983.500000 4215323.400000 52679.0
483938.700000 4215255.800000 52709.0
483928.200000 4215252.400000 52739.0
483956.700000 4215010.700000 52799.0
484018.900000 4214578.000000 52829.0
484105.000000 4214209.600000 52859.0
484109.300000 4214207.400000 52889.0
484165.900000 4213978.800000 52919.0
484166.600000 4213904.300000 52949.0
484160.200000 4213782.400000 52979.0
