482487.900000 4215480.900000 64097.0
482612.800000 4215712.600000 64127.0
482737.700000 4215908.700000 64157.0
482937.900000 4216085.700000 64187.0
483049.600000 4216238.700000 64217.0
483152.400000 4216380.700000 64247.0
483162.100000 4216388.300000 64277.0
483170.000000 4216391.600000 64307.0
483200.600000 4216330.600000 64337.0
483154.600000 4216130.900000 64367.0
483096.000000 4215799.200000 64397.0
483103.400000 4215567.300000 64427.0
483111.200000 4215531.700000 64457.0
483121.600000 4215460.600000 64487.0
483125.800000 4215376.300000 64517.0
483201.800000 4215283.900000 64547.0
483518.600000 4215359.900000 64577.0
483717.700000 4215361.600000 64607.0
483766.800000 4215345.800000 64637.0
483809.800000 4215325.800000 64667.0
483821.100000 4215320.300000 64697.0
483828.100000 4215303.800000 64727.0
483802.600000 4215241.600000 64757.0
483769.200000 4215176.100000 64787.0
483754.000000 4215053.000000 64817.0
483707.900000 4214811.400000 64847.0
483583.700000 4214520.800000 64877.0
483531.600000 4214313.500000 64907.0
483426.800000 4214120.700000 64937.0
483398.900000 4213802.500000 64967.0
483292.200000 4213498.800000 64997.0
