482789.200000 4216646.400000 48173.0
483132.400000 4216817.500000 48203.0
483373.300000 4216692.600000 48233.0
483462.100000 4216790.200000 48263.0
483618.200000 4216830.900000 48293.0
483698.800000 4216811.700000 48323.0
483973.100000 4216727.800000 48353.0
484065.700000 4216554.500000 48383.0
484062.800000 4216427.900000 48413.0
484329.900000 4216259.800000 48443.0
484359.600000 4216242.000000 48473.0
484359.600000 4216242.000000 48503.0
484418.300000 4216237.600000 48533.0
484457.300000 4216401.800000 48563.0
484505.700000 4216541.400000 48593.0
484744.700000 4216813.900000 48623.0
