484825.600000 4216900.100000 22157.0
484587.500000 4216645.300000 22187.0
484483.700000 4216482.600000 22217.0
484479.300000 4216459.300000 22247.0
484407.000000 4216268.600000 22277.0
484381.400000 4216277.100000 23887.0
484314.000000 4216357.200000 23947.0
484300.600000 4216276.400000 23977.0
484419.800000 4216231.700000 24007.0
484380.900000 4216094.200000 24037.0
484461.400000 4216022.100000 24067.0
484505.900000 4215961.900000 24097.0
484403.100000 4215817.000000 24127.0
484364.100000 4215591.900000 24157.0
484188.600000 4215581.200000 24187.0
484042.800000 4215437.100000 24217.0
484015.400000 4215386.000000 24247.0
483922.200000 4215241.800000 24277.0
483955.000000 4215017.400000 24307.0
483952.200000 4214954.400000 24337.0
483952.200000 4214927.700000 24367.0
483991.200000 4214709.200000 24397.0
483996.400000 4214692.700000 24427.0
484037.100000 4214492.900000 24457.0
484090.300000 4214292.100000 24487.0
484132.900000 4214135.400000 24517.0
484162.400000 4213941.100000 24547.0
484165.000000 4213914.400000 24577.0
484147.800000 4213659.200000 24607.0
