484059.800000 4216897.300000 26433.0
484172.700000 4216804.000000 26463.0
484230.500000 4216770.500000 26493.0
484236.700000 4216767.100000 26523.0
484293.000000 4216818.200000 26553.0
484353.400000 4216779.100000 26583.0
484387.500000 4216741.400000 26613.0
484440.100000 4216696.800000 26643.0
484531.100000 4216613.300000 26673.0
484568.700000 4216633.100000 26703.0
484685.200000 4216604.100000 26733.0
484601.700000 4216483.200000 26763.0
484741.900000 4216407.600000 26793.0
484773.300000 4216298.800000 26823.0
484780.300000 4216298.800000 26853.0
484791.700000 4216297.500000 26973.0
484741.900000 4216424.100000 27003.0
484517.700000 4216510.900000 27033.0
484499.300000 4216514.300000 27063.0
484479.000000 4216475.400000 27093.0
484416.300000 4216248.200000 27123.0
484360.500000 4216284.300000 27955.0
484360.500000 4216291.100000 27985.0
484306.300000 4216343.200000 28045.0
484287.800000 4216273.400000 28075.0
484404.200000 4216225.400000 28105.0
484360.100000 4216057.900000 28135.0
484446.000000 4216014.500000 28165.0
484510.000000 4215987.700000 28195.0
484388.700000 4215873.700000 28225.0
484395.300000 4215679.400000 28255.0
484306.500000 4215588.600000 28285.0
484132.000000 4215553.400000 28315.0
484017.700000 4215435.100000 28345.0
483984.300000 4215366.100000 28375.0
483915.700000 4215260.900000 28405.0
483949.100000 4214907.000000 28435.0
484036.000000 4214496.200000 28465.0
484133.400000 4214121.000000 28495.0
484161.300000 4213984.700000 28525.0
484164.600000 4213913.600000 28555.0
484147.400000 4213669.400000 28585.0
