484950.300000 4216969.700000 22315.0
484663.200000 4216700.700000 22345.0
484486.500000 4216456.800000 22375.0
484412.500000 4216242.700000 22405.0
484404.600000 4216250.400000 22435.0
484417.200000 4216250.300000 23744.0
484332.200000 4216340.200000 23864.0
484360.100000 4216240.300000 23894.0
484426.600000 4216216.900000 23924.0
484409.800000 4216149.200000 23954.0
484419.300000 4216030.700000 23984.0
484495.500000 4216002.600000 24014.0
484400.600000 4215879.600000 24044.0
484397.500000 4215652.300000 24074.0
484263.200000 4215589.500000 24104.0
484078.800000 4215471.300000 24134.0
484020.900000 4215418.100000 24164.0
483984.700000 4215343.700000 24194.0
483918.800000 4215235.100000 24224.0
483954.400000 4215057.600000 24254.0
483954.400000 4215056.400000 24284.0
483953.500000 4214994.200000 24314.0
483988.000000 4214703.300000 24344.0
484007.100000 4214636.800000 24374.0
484088.900000 4214278.200000 24404.0
484099.400000 4214240.500000 24434.0
484155.200000 4214039.700000 24464.0
484165.500000 4213912.300000 24494.0
484169.000000 4213896.700000 24524.0
484136.600000 4213490.800000 24554.0
