484136.400000 4213434.100000 49424.0
484168.000000 4213812.400000 49454.0
484170.900000 4213967.800000 49484.0
484123.900000 4214137.600000 49514.0
484113.500000 4214190.900000 49544.0
484077.800000 4214328.600000 49574.0
484020.300000 4214551.700000 49604.0
483988.200000 4214711.400000 49634.0
483958.100000 4215076.300000 49664.0
483975.800000 4215113.900000 49694.0
483975.800000 4215117.300000 49724.0
484030.300000 4215202.700000 49784.0
484129.600000 4215341.300000 49814.0
484065.600000 4215392.600000 49844.0
484040.300000 4215423.600000 49874.0
484180.000000 4215563.000000 49904.0
484397.500000 4215590.500000 49934.0
484495.200000 4215792.200000 49964.0
484537.800000 4216005.000000 49994.0
484497.700000 4216150.300000 50024.0
484518.100000 4216222.200000 50054.0
484593.100000 4216413.000000 50084.0
484638.800000 4216442.900000 50114.0
484759.700000 4216350.400000 50144.0
484786.800000 4216251.800000 50174.0
484786.800000 4216277.200000 50204.0
484649.500000 4216456.000000 50234.0
484498.800000 4216515.100000 50264.0
484497.900000 4216515.200000 50294.0
484481.200000 4216497.400000 50324.0
484478.500000 4216485.100000 50354.0
484404.500000 4216252.100000 50384.0
484286.300000 4216377.600000 50414.0
484075.100000 4216387.700000 50468.0
483999.600000 4216352.300000 50498.0
483912.900000 4216393.500000 50528.0
483968.500000 4216616.500000 50558.0
484034.600000 4216834.800000 50588.0
484205.500000 4216786.600000 50618.0
484248.400000 4216764.500000 50648.0
484316.100000 4216823.200000 50678.0
484459.600000 4216679.900000 50708.0
484578.000000 4216647.500000 50738.0
484904.700000 4216969.800000 50768.0
