484658.800000 4216707.000000 56392.0
484513.000000 4216538.800000 56422.0
484489.200000 4216497.800000 56452.0
484475.100000 4216469.900000 56482.0
484392.800000 4216108.200000 56512.0
484441.800000 4216013.700000 56542.0
484441.600000 4215898.100000 56572.0
484402.600000 4215735.300000 56602.0
484319.900000 4215575.900000 56632.0
484145.400000 4215545.300000 56662.0
484024.000000 4215388.900000 56692.0
483929.000000 4215255.800000 56722.0
483918.500000 4215251.600000 56752.0
483953.200000 4215029.700000 56782.0
483952.000000 4214861.300000 56812.0
484031.100000 4214481.400000 56842.0
484099.800000 4214208.300000 56872.0
484154.500000 4213935.200000 56902.0
484152.600000 4213808.600000 56932.0
484128.400000 4213582.200000 56962.0
