484901.500000 4216957.100000 56359.0
484564.200000 4216610.300000 56389.0
484487.700000 4216478.300000 56419.0
484424.900000 4216200.000000 56449.0
484262.800000 4215828.600000 56479.0
484128.300000 4215630.400000 56509.0
484071.100000 4215553.900000 56539.0
483933.200000 4215414.500000 56569.0
483873.300000 4215319.400000 56599.0
483932.900000 4215251.500000 56629.0
483976.800000 4214864.200000 56659.0
484076.700000 4214384.800000 56689.0
484176.000000 4213968.600000 56719.0
484174.800000 4213792.100000 56749.0
484169.500000 4213735.400000 56779.0
