484140.000000 4213473.400000 62528.0
484159.700000 4213706.600000 62558.0
484164.200000 4213754.400000 62588.0
484174.100000 4213854.300000 62618.0
484150.400000 4213876.400000 62648.0
483903.100000 4213895.900000 62678.0
483611.900000 4213926.500000 62708.0
483452.400000 4213944.600000 62738.0
483452.400000 4213951.400000 62768.0
483286.700000 4213972.900000 62828.0
483050.800000 4214001.300000 62858.0
483022.700000 4214005.600000 62888.0
483004.400000 4214012.400000 62918.0
482998.100000 4213982.400000 62948.0
482997.200000 4213945.500000 62978.0
482913.800000 4213930.100000 63008.0
482705.100000 4213936.000000 63038.0
