483282.700000 4213428.200000 23961.0
483340.900000 4213571.100000 23991.0
483375.100000 4213634.100000 24021.0
483391.000000 4213714.900000 24051.0
483362.500000 4213900.400000 24081.0
483362.500000 4213922.400000 24111.0
483434.900000 4214156.300000 24141.0
483571.500000 4214473.500000 24171.0
483727.500000 4214861.700000 24201.0
483829.300000 4215289.800000 24231.0
483965.600000 4215452.500000 24261.0
484001.600000 4215494.800000 24291.0
484189.700000 4215699.700000 24321.0
484382.400000 4216092.100000 24351.0
484496.300000 4216521.100000 24381.0
484740.600000 4216812.200000 24411.0
