484148.000000 4213614.800000 46580.0
484167.900000 4213973.300000 46610.0
484134.200000 4214158.700000 46640.0
484048.000000 4214491.600000 46670.0
483971.600000 4214857.800000 46700.0
484000.200000 4215137.500000 46730.0
484104.900000 4215296.100000 46760.0
484068.300000 4215403.600000 46790.0
483991.300000 4215451.600000 46820.0
483979.100000 4215451.600000 46850.0
483858.100000 4215521.700000 46880.0
483766.700000 4215397.500000 46910.0
483717.500000 4215356.500000 46940.0
483598.200000 4215363.500000 46970.0
483392.200000 4215379.600000 47000.0
483294.200000 4215472.100000 47030.0
483243.500000 4215511.100000 47060.0
483108.700000 4215601.100000 47090.0
483004.400000 4215632.200000 47120.0
482707.300000 4215725.100000 47150.0
482656.500000 4215744.300000 47180.0
482610.900000 4215756.600000 47210.0
482406.800000 4215868.000000 47240.0
