484157.200000 4213696.100000 49293.0
484169.100000 4213966.900000 49323.0
484131.800000 4214126.600000 49353.0
484091.700000 4214283.200000 49383.0
484024.700000 4214535.200000 49413.0
484016.900000 4214585.200000 49443.0
483955.400000 4214959.000000 49473.0
483967.000000 4215082.200000 49503.0
484010.100000 4215146.400000 49533.0
484054.900000 4215215.300000 49563.0
484128.700000 4215322.700000 49593.0
484047.200000 4215394.800000 49623.0
484050.800000 4215416.800000 49653.0
484214.100000 4215554.000000 49683.0
484421.100000 4215598.900000 49713.0
484530.300000 4215856.100000 49743.0
484522.800000 4216063.500000 49773.0
484506.300000 4216141.400000 49803.0
484513.300000 4216170.200000 49833.0
484563.600000 4216330.900000 49863.0
484640.900000 4216423.000000 49893.0
484746.900000 4216383.900000 49923.0
484777.500000 4216280.600000 49953.0
484777.500000 4216306.000000 49983.0
484622.600000 4216462.900000 50013.0
484498.300000 4216514.300000 50043.0
484499.100000 4216515.600000 50073.0
484477.100000 4216482.200000 50133.0
484434.700000 4216303.600000 50163.0
484362.000000 4216338.100000 50193.0
484119.400000 4216487.100000 50223.0
484085.900000 4216380.500000 50253.0
484004.300000 4216351.900000 50283.0
483919.200000 4216374.000000 50313.0
483966.000000 4216562.700000 50343.0
