484072.600000 4216927.400000 26425.0
484104.000000 4216819.800000 26455.0
484194.300000 4216793.000000 26485.0
484226.700000 4216771.700000 26515.0
484227.500000 4216771.700000 26545.0
484278.400000 4216805.900000 26575.0
484375.600000 4216757.100000 26605.0
484465.800000 4216671.400000 26635.0
484535.700000 4216608.200000 26665.0
484634.800000 4216653.300000 26695.0
484650.300000 4216536.900000 26725.0
484662.400000 4216445.900000 26755.0
484775.200000 4216320.400000 26785.0
484777.800000 4216308.100000 26815.0
484782.200000 4216308.100000 26845.0
484797.800000 4216272.500000 26875.0
484763.900000 4216385.600000 26905.0
484579.100000 4216480.300000 26935.0
484527.500000 4216503.700000 26965.0
484510.800000 4216513.900000 26995.0
484488.900000 4216501.600000 27085.0
484457.100000 4216412.800000 27115.0
484401.600000 4216258.800000 27145.0
484393.400000 4216262.200000 28023.0
484360.300000 4216333.400000 28113.0
484286.700000 4216308.200000 28143.0
484370.700000 4216242.400000 28173.0
484393.200000 4216142.500000 28203.0
484407.900000 4216044.700000 28233.0
484454.400000 4216024.700000 28263.0
484468.300000 4215941.300000 28293.0
484403.200000 4215838.100000 28323.0
484402.800000 4215670.500000 28353.0
484276.500000 4215617.400000 28383.0
484098.300000 4215511.100000 28413.0
484027.100000 4215443.500000 28443.0
484020.900000 4215424.500000 28473.0
483926.800000 4215285.000000 28503.0
483955.300000 4215095.300000 28533.0
483975.800000 4214763.400000 28563.0
484062.700000 4214378.100000 28593.0
484097.500000 4214231.600000 28623.0
484141.000000 4214074.100000 28653.0
484149.500000 4213950.900000 28683.0
484144.800000 4213763.400000 28713.0
