484145.300000 4213624.100000 47213.0
484156.200000 4213786.200000 47243.0
484159.200000 4213960.600000 47273.0
484108.800000 4214185.900000 47303.0
484092.200000 4214269.300000 47333.0
483986.000000 4214706.700000 47363.0
483966.600000 4215106.300000 47393.0
484089.700000 4215277.100000 47423.0
484078.500000 4215379.100000 47453.0
483983.100000 4215448.300000 47483.0
483886.700000 4215510.700000 47513.0
483765.400000 4215402.100000 47543.0
483639.100000 4215381.200000 47573.0
483397.900000 4215378.300000 47603.0
483274.500000 4215491.600000 47633.0
483135.200000 4215587.100000 47663.0
483022.200000 4215625.000000 47693.0
482680.400000 4215729.800000 47723.0
482573.500000 4215764.300000 47753.0
