483358.800000 4213602.000000 23943.0
483397.800000 4213740.700000 23973.0
483371.900000 4213935.000000 24003.0
483378.200000 4214006.100000 24033.0
483544.700000 4214354.100000 24063.0
483703.500000 4214789.800000 24093.0
483744.400000 4215094.900000 24123.0
483826.400000 4215282.200000 24153.0
483675.700000 4215360.400000 24183.0
483399.400000 4215361.000000 24213.0
483194.500000 4215534.500000 24243.0
483087.800000 4215712.000000 24273.0
483152.600000 4216070.400000 24303.0
483196.000000 4216261.200000 24333.0
483216.400000 4216350.100000 24363.0
483274.600000 4216521.800000 24393.0
483512.900000 4216832.000000 24423.0
