484147.400000 4213633.000000 46288.0
484158.200000 4213775.200000 46318.0
484166.300000 4213916.100000 46348.0
484102.800000 4214221.400000 46378.0
484015.800000 4214561.000000 46408.0
483943.800000 4214919.700000 46438.0
483916.900000 4215119.500000 46468.0
483786.500000 4215221.800000 46498.0
483800.600000 4215249.700000 46528.0
483811.100000 4215268.700000 46558.0
483812.800000 4215270.000000 46588.0
483829.600000 4215303.400000 46618.0
483820.900000 4215319.100000 46648.0
483762.300000 4215348.000000 46678.0
483643.900000 4215378.200000 46708.0
483445.700000 4215337.600000 46738.0
483289.100000 4215480.100000 46768.0
483276.900000 4215492.400000 46798.0
483142.900000 4215590.500000 46828.0
482953.700000 4215659.800000 46858.0
482677.600000 4215746.800000 46888.0
482551.400000 4215789.400000 46918.0
