484157.200000 4213721.400000 53530.0
484164.700000 4213945.800000 53560.0
484121.300000 4214151.100000 53590.0
484040.200000 4214463.200000 53620.0
483962.800000 4214819.300000 53650.0
484002.100000 4215155.300000 53680.0
484088.300000 4215283.800000 53710.0
484113.100000 4215370.100000 53740.0
484081.500000 4215388.000000 53770.0
484093.100000 4215484.400000 53800.0
484281.700000 4215575.100000 53830.0
484452.900000 4215672.500000 53860.0
484534.800000 4215863.300000 53890.0
484541.300000 4216013.100000 53920.0
484517.000000 4216132.900000 53950.0
484517.000000 4216135.000000 53980.0
484523.200000 4216191.700000 54010.0
484575.200000 4216350.400000 54040.0
484670.000000 4216430.200000 54070.0
484778.500000 4216317.800000 54100.0
484784.700000 4216289.900000 54130.0
484805.600000 4216231.000000 54160.0
484770.800000 4216384.300000 54190.0
484579.000000 4216474.400000 54220.0
484544.900000 4216493.500000 54250.0
484518.700000 4216505.800000 54280.0
484517.800000 4216507.900000 54310.0
484488.000000 4216497.800000 54370.0
484451.000000 4216376.000000 54400.0
484407.800000 4216249.500000 54430.0
484403.500000 4216252.900000 54460.0
484273.100000 4216383.900000 54490.0
484111.100000 4216480.800000 54520.0
484072.200000 4216352.200000 54550.0
484000.200000 4216345.500000 54580.0
483917.000000 4216365.600000 54610.0
483956.000000 4216533.100000 54640.0
484008.000000 4216706.100000 54670.0
484080.700000 4216675.900000 54700.0
484206.900000 4216660.000000 54730.0
484238.700000 4216755.200000 54760.0
484211.500000 4216776.400000 54790.0
484045.000000 4216833.500000 54820.0
