484763.800000 4216832.900000 22355.0
484514.200000 4216553.600000 22385.0
484436.600000 4216277.400000 22415.0
484403.300000 4216259.700000 22445.0
484391.800000 4216263.100000 23721.0
484301.600000 4216331.000000 23931.0
484361.100000 4216233.100000 23961.0
484400.600000 4216233.000000 23991.0
484360.000000 4216076.500000 24021.0
484434.500000 4216031.900000 24051.0
484468.600000 4216028.500000 24081.0
484390.200000 4215901.200000 24111.0
484387.100000 4215660.400000 24141.0
484260.700000 4215608.600000 24171.0
484107.000000 4215528.900000 24201.0
484014.700000 4215434.600000 24231.0
483947.900000 4215298.500000 24261.0
483922.400000 4215258.800000 24291.0
483957.900000 4215021.200000 24321.0
483964.000000 4215006.800000 24351.0
483959.400000 4214889.200000 24531.0
483995.900000 4214705.800000 24561.0
483993.200000 4214705.800000 24591.0
484030.500000 4214511.500000 24621.0
484099.200000 4214236.200000 24651.0
484100.000000 4214235.000000 24681.0
484164.400000 4213947.500000 24711.0
484171.300000 4213909.800000 24741.0
484142.500000 4213522.500000 24771.0
