484588.200000 4216648.700000 52538.0
484421.600000 4216205.000000 52568.0
484478.200000 4216007.300000 52598.0
484414.000000 4215884.200000 52628.0
484399.600000 4215695.500000 52658.0
484324.700000 4215582.600000 52688.0
484151.100000 4215557.600000 52718.0
484026.400000 4215410.100000 52748.0
483932.200000 4215256.200000 52778.0
483963.400000 4215031.800000 52808.0
484019.600000 4214590.200000 52838.0
484111.800000 4214198.500000 52868.0
484160.500000 4213946.600000 52898.0
484038.500000 4213905.800000 52928.0
483776.200000 4213926.200000 52958.0
483470.100000 4213955.600000 52988.0
483436.900000 4213959.900000 53018.0
483386.000000 4213967.600000 53048.0
483394.500000 4213852.000000 53078.0
483350.200000 4213618.900000 53108.0
483339.600000 4213596.900000 53138.0
483332.500000 4213568.200000 53168.0
483332.500000 4213555.000000 53198.0
