482487.900000 4215476.300000 58846.0
482604.900000 4215691.500000 58876.0
482728.100000 4215896.500000 58906.0
482938.000000 4216056.900000 58936.0
483054.100000 4216224.300000 58966.0
483144.700000 4216350.600000 58996.0
483142.100000 4216393.000000 59026.0
483125.400000 4216412.000000 59056.0
483109.400000 4216308.000000 59086.0
483150.400000 4216197.800000 59116.0
483160.900000 4216192.300000 59146.0
483316.000000 4216161.900000 59176.0
483463.000000 4215990.600000 59206.0
483447.100000 4215875.100000 59236.0
483584.600000 4215801.600000 59266.0
483664.500000 4215887.800000 59296.0
483768.300000 4216025.200000 59326.0
483933.900000 4215944.800000 59356.0
484026.800000 4215889.200000 59386.0
484056.700000 4215941.200000 59416.0
483889.500000 4216050.300000 59446.0
483882.900000 4216289.000000 59476.0
483975.400000 4216462.000000 59506.0
484210.100000 4216330.700000 59536.0
484401.100000 4216238.100000 59566.0
484393.000000 4216145.800000 59596.0
484448.000000 4216034.800000 59626.0
484496.200000 4216013.600000 59656.0
484391.500000 4215878.300000 59686.0
484388.500000 4215674.300000 59716.0
484252.400000 4215604.800000 59746.0
484077.700000 4215487.400000 59776.0
483980.900000 4215364.500000 59806.0
483920.200000 4215268.100000 59836.0
483953.700000 4214960.700000 59866.0
484029.900000 4214503.400000 59896.0
484109.200000 4214202.800000 59926.0
484157.700000 4213893.300000 59956.0
484150.500000 4213804.400000 59986.0
484127.900000 4213445.100000 60016.0
