484709.700000 4216804.300000 52713.0
484498.800000 4216554.900000 52743.0
484444.200000 4216380.700000 52773.0
484320.600000 4215953.800000 52803.0
484067.300000 4215579.300000 52833.0
483934.600000 4215433.100000 52863.0
483851.900000 4215333.400000 52893.0
483755.000000 4215103.700000 52923.0
483607.500000 4214643.500000 52953.0
483599.600000 4214608.000000 52983.0
483596.000000 4214565.700000 53013.0
483583.700000 4214510.300000 53043.0
483578.400000 4214482.300000 53073.0
483572.200000 4214448.100000 53103.0
483462.100000 4214210.800000 53133.0
483372.300000 4214027.700000 53163.0
483373.600000 4213880.000000 53193.0
483351.200000 4213613.800000 53223.0
