483287.100000 4213448.500000 64074.0
483403.400000 4213706.800000 64104.0
483390.400000 4213825.400000 64134.0
483381.800000 4213866.500000 64164.0
483413.900000 4214090.700000 64194.0
483567.100000 4214433.300000 64224.0
483675.600000 4214745.800000 64254.0
483751.700000 4215058.500000 64284.0
483805.600000 4215243.700000 64314.0
483868.000000 4215353.700000 64344.0
484000.800000 4215488.900000 64374.0
484053.600000 4215560.700000 64404.0
484209.900000 4215725.900000 64434.0
484299.800000 4215905.600000 64464.0
484440.100000 4216350.200000 64494.0
484602.900000 4216664.800000 64524.0
