484136.700000 4213410.400000 46640.0
484149.500000 4213673.200000 46670.0
484154.800000 4213769.700000 46700.0
484160.200000 4213847.600000 46730.0
484133.300000 4214080.800000 46760.0
484074.100000 4214316.300000 46790.0
484006.200000 4214607.200000 46820.0
483944.500000 4214879.000000 46850.0
484006.400000 4215144.300000 46880.0
484102.200000 4215283.800000 46910.0
484098.000000 4215360.400000 46940.0
484004.300000 4215421.500000 46970.0
483988.600000 4215437.200000 47000.0
483923.000000 4215485.200000 47030.0
483824.800000 4215492.200000 47060.0
483750.000000 4215379.300000 47090.0
483653.500000 4215387.100000 47120.0
483433.300000 4215353.300000 47150.0
483289.700000 4215483.500000 47180.0
483288.900000 4215483.500000 47210.0
483278.400000 4215491.100000 47270.0
483119.900000 4215599.000000 47300.0
482909.600000 4215665.000000 47330.0
482616.900000 4215756.600000 47360.0
482440.100000 4215874.700000 47390.0
