483340.900000 4213565.600000 21335.0
483382.500000 4213814.000000 21365.0
483366.000000 4213932.500000 21395.0
483408.500000 4214073.400000 21425.0
483568.000000 4214446.800000 21455.0
483726.700000 4214843.500000 21485.0
483747.400000 4215102.100000 21515.0
483787.100000 4215194.300000 21545.0
483826.700000 4215272.900000 21575.0
483829.400000 4215280.500000 21605.0
483884.800000 4215371.400000 21635.0
483956.000000 4215433.500000 21665.0
483997.200000 4215490.100000 21695.0
484121.100000 4215637.600000 21725.0
484320.800000 4215965.700000 21755.0
484432.000000 4216326.100000 21785.0
484536.900000 4216581.100000 21815.0
484776.700000 4216839.300000 21845.0
