482567.600000 4216537.600000 47458.0
482938.900000 4216721.000000 47488.0
483197.700000 4216793.700000 47518.0
483380.800000 4216690.000000 47548.0
483482.700000 4216814.300000 47578.0
483739.600000 4216803.600000 47608.0
484002.500000 4216713.300000 47638.0
484293.300000 4216550.700000 47668.0
484383.500000 4216497.200000 47698.0
484418.600000 4216478.100000 47728.0
484419.400000 4216478.100000 47758.0
484456.200000 4216458.900000 47788.0
484456.200000 4216457.700000 47818.0
484488.700000 4216493.200000 47878.0
484626.700000 4216680.400000 47908.0
