484122.800000 4213540.800000 49379.0
484148.700000 4213808.200000 49409.0
484123.800000 4214075.800000 49439.0
484105.500000 4214147.800000 49469.0
484060.200000 4214336.600000 49499.0
483975.800000 4214706.300000 49529.0
483944.900000 4215086.000000 49559.0
483965.300000 4215125.800000 49589.0
484024.100000 4215209.900000 49619.0
484115.500000 4215343.000000 49649.0
484027.100000 4215425.300000 49679.0
484043.800000 4215455.300000 49709.0
484224.700000 4215589.200000 49739.0
484398.400000 4215607.900000 49769.0
484494.300000 4215810.900000 49799.0
484549.800000 4216010.500000 49829.0
484504.500000 4216158.300000 49859.0
484512.500000 4216237.000000 49889.0
484566.300000 4216394.400000 49919.0
484649.600000 4216431.900000 49949.0
484765.900000 4216284.000000 49979.0
484779.100000 4216244.200000 50009.0
484777.400000 4216274.200000 50039.0
484719.900000 4216427.500000 50069.0
484521.000000 4216505.800000 50099.0
484517.500000 4216509.200000 50129.0
484493.800000 4216518.100000 50189.0
484454.100000 4216418.300000 50219.0
484383.800000 4216283.000000 50249.0
484271.800000 4216394.100000 50279.0
484108.800000 4216465.500000 50309.0
484062.100000 4216339.100000 50339.0
483972.700000 4216361.200000 50369.0
483944.000000 4216502.200000 50399.0
483993.600000 4216700.700000 50429.0
483991.900000 4216700.700000 50459.0
484028.100000 4216825.000000 50489.0
484239.700000 4216925.800000 50519.0
484521.100000 4216899.900000 50549.0
