484144.000000 4213608.500000 52736.0
484137.800000 4214044.400000 52766.0
484067.300000 4214335.300000 52796.0
483981.200000 4214712.600000 52826.0
483967.900000 4215106.700000 52856.0
484052.300000 4215233.100000 52886.0
484131.400000 4215346.000000 52916.0
484112.200000 4215363.800000 52946.0
484058.000000 4215439.200000 52976.0
484234.600000 4215570.900000 53006.0
484412.600000 4215600.600000 53036.0
484472.500000 4215732.600000 53066.0
484549.200000 4215917.800000 53096.0
484527.500000 4216055.400000 53126.0
484509.300000 4216135.500000 53156.0
484509.300000 4216141.000000 53186.0
484547.200000 4216315.300000 53216.0
484613.200000 4216439.600000 53246.0
484724.500000 4216405.900000 53276.0
484770.800000 4216284.000000 53306.0
484770.800000 4216282.700000 53336.0
484780.400000 4216262.800000 53366.0
484776.200000 4216322.900000 53396.0
484771.900000 4216342.800000 53426.0
484640.600000 4216434.000000 53456.0
484525.000000 4216485.500000 53486.0
484526.700000 4216492.200000 53516.0
484514.500000 4216503.300000 53546.0
484514.500000 4216507.500000 53576.0
484489.900000 4216494.400000 53636.0
484463.500000 4216416.600000 53666.0
484395.600000 4216253.800000 53696.0
484291.500000 4216369.500000 53726.0
484108.400000 4216476.500000 53756.0
484075.800000 4216391.100000 53786.0
484072.200000 4216385.600000 53816.0
484002.900000 4216348.100000 53846.0
483967.000000 4216357.000000 53876.0
483940.000000 4216490.400000 53906.0
483991.200000 4216670.200000 53936.0
484031.500000 4216698.000000 53966.0
484191.800000 4216637.600000 53996.0
484234.100000 4216705.300000 54026.0
484235.800000 4216745.100000 54056.0
484235.800000 4216752.700000 54086.0
484148.300000 4216795.200000 54116.0
484056.300000 4216865.200000 54146.0
