483317.400000 4213522.900000 23773.0
483363.200000 4213600.700000 23803.0
483373.500000 4213904.600000 23833.0
483478.500000 4214202.800000 23863.0
483587.900000 4214531.000000 23893.0
483748.200000 4214905.700000 23923.0
483820.800000 4215255.100000 23953.0
483829.600000 4215281.800000 23983.0
483795.500000 4215320.800000 24013.0
483505.400000 4215337.000000 24043.0
483297.700000 4215455.100000 24073.0
483105.100000 4215597.700000 24103.0
483091.300000 4215720.900000 24133.0
483148.200000 4216063.600000 24163.0
483174.800000 4216205.800000 24193.0
483204.800000 4216334.400000 24223.0
483209.700000 4216363.200000 24700.0
483321.600000 4216614.800000 24850.0
483593.900000 4216864.000000 24880.0
