484785.900000 4216842.200000 22609.0
484600.500000 4216648.300000 22639.0
484591.800000 4216638.100000 22669.0
484491.500000 4216491.900000 22699.0
484487.200000 4216485.100000 22729.0
484442.200000 4216299.000000 22759.0
484407.000000 4216270.300000 22789.0
484378.200000 4216258.500000 23303.0
484365.100000 4216303.800000 23993.0
484264.300000 4216317.100000 24023.0
484417.600000 4216232.600000 24053.0
484395.600000 4216166.200000 24083.0
484453.200000 4216023.800000 24113.0
484494.300000 4216004.700000 24143.0
484394.000000 4215877.500000 24173.0
484398.800000 4215668.000000 24203.0
484295.100000 4215582.700000 24233.0
484134.600000 4215528.800000 24263.0
484023.000000 4215413.500000 24293.0
483937.600000 4215265.900000 24323.0
483966.100000 4215068.200000 24353.0
483966.100000 4215058.000000 24383.0
483964.400000 4215011.500000 24413.0
483993.500000 4214705.000000 24443.0
484021.400000 4214601.700000 24473.0
484113.700000 4214205.300000 24503.0
484113.700000 4214205.300000 24533.0
484164.100000 4213957.600000 24563.0
484166.400000 4213802.300000 24593.0
484148.200000 4213456.100000 24623.0
