484817.600000 4216902.300000 63451.0
484539.900000 4216603.100000 63481.0
484449.200000 4216393.800000 63511.0
484421.700000 4216255.000000 63541.0
484372.200000 4216073.100000 63571.0
484508.000000 4216012.700000 63601.0
484401.700000 4215884.300000 63631.0
484404.000000 4215646.800000 63661.0
484408.000000 4215471.600000 63691.0
484428.500000 4215198.500000 63721.0
484431.700000 4214994.500000 63751.0
484405.100000 4214830.300000 63781.0
484453.900000 4214653.700000 63811.0
484419.500000 4214466.300000 63841.0
484201.600000 4214233.500000 63871.0
484132.900000 4214129.500000 63901.0
484161.500000 4213942.000000 63931.0
484160.500000 4213851.000000 63961.0
484135.100000 4213439.200000 63991.0
