484160.900000 4213769.700000 57698.0
484118.900000 4213881.900000 57728.0
484083.000000 4213886.200000 57758.0
483868.100000 4213937.900000 57788.0
483547.100000 4213940.600000 57818.0
483410.300000 4213957.400000 57848.0
483408.600000 4213957.400000 57878.0
483355.100000 4213961.700000 57908.0
483095.500000 4213987.700000 57938.0
482989.400000 4213992.100000 57968.0
482974.500000 4213954.500000 58088.0
482977.900000 4213931.200000 58118.0
482909.400000 4213905.900000 58148.0
482720.100000 4213915.200000 58178.0
