483289.000000 4213461.600000 21395.0
483310.200000 4213518.300000 21425.0
483363.100000 4213622.300000 21455.0
483369.700000 4213863.100000 21485.0
483365.400000 4213887.700000 21515.0
483355.900000 4213949.900000 21545.0
483409.700000 4214121.600000 21575.0
483507.500000 4214298.800000 21605.0
483610.700000 4214654.500000 21635.0
483743.900000 4215007.300000 21665.0
483784.600000 4215215.900000 21695.0
483815.500000 4215278.000000 21725.0
483824.200000 4215290.300000 21755.0
483964.900000 4215449.600000 21785.0
484072.200000 4215592.400000 21815.0
484225.100000 4215789.800000 21845.0
484383.700000 4216139.100000 21875.0
484436.800000 4216364.200000 21905.0
484491.400000 4216531.700000 21935.0
484665.400000 4216729.000000 21965.0
484918.400000 4216969.400000 21995.0
