482498.900000 4215479.200000 60345.0
482638.000000 4215745.200000 60375.0
482798.800000 4215967.900000 60405.0
483082.400000 4216150.600000 60435.0
483150.800000 4216183.900000 60465.0
483165.700000 4216187.200000 60495.0
483164.900000 4216187.200000 60525.0
483220.500000 4216381.400000 60585.0
483314.700000 4216585.200000 60615.0
483523.900000 4216838.700000 60645.0
483747.400000 4216801.500000 60675.0
483971.700000 4216724.400000 60705.0
484128.500000 4216658.500000 60735.0
484410.400000 4216479.300000 60765.0
484420.100000 4216475.900000 60795.0
484457.700000 4216451.300000 60825.0
484459.400000 4216451.300000 60855.0
484472.500000 4216438.200000 60885.0
484406.300000 4216149.600000 60915.0
484280.300000 4215862.500000 60945.0
484260.000000 4215821.500000 60975.0
484243.200000 4215788.100000 61005.0
484216.800000 4215733.900000 61035.0
484189.500000 4215695.000000 61065.0
484142.900000 4215649.800000 61095.0
484059.400000 4215557.700000 61125.0
484022.500000 4215507.900000 61155.0
483901.200000 4215389.600000 61185.0
483863.500000 4215335.500000 61215.0
483872.100000 4215299.900000 61245.0
483961.900000 4215041.100000 61275.0
484015.400000 4214612.700000 61305.0
484104.200000 4214221.800000 61335.0
484162.400000 4213961.000000 61365.0
484176.400000 4213914.400000 61395.0
484168.300000 4213811.200000 61425.0
484145.900000 4213569.500000 61455.0
