484924.400000 4216983.800000 52250.0
484568.700000 4216625.100000 52280.0
484516.900000 4216562.100000 52310.0
484449.000000 4216360.300000 52340.0
484396.900000 4216125.100000 52370.0
484437.800000 4216041.600000 52400.0
484498.200000 4215963.600000 52430.0
484406.800000 4215815.300000 52460.0
484349.400000 4215597.000000 52490.0
484160.000000 4215584.200000 52520.0
484019.400000 4215432.500000 52550.0
483928.800000 4215282.900000 52580.0
483958.100000 4215044.100000 52610.0
484024.700000 4214569.100000 52640.0
484138.000000 4214154.100000 52670.0
484169.200000 4213958.900000 52700.0
483966.600000 4213943.600000 52730.0
483692.100000 4213959.800000 52760.0
483416.800000 4213978.100000 52790.0
483408.100000 4213976.000000 52820.0
483372.000000 4213919.400000 52880.0
483397.200000 4213797.400000 52910.0
483329.300000 4213620.200000 52940.0
483325.700000 4213572.400000 52970.0
483362.500000 4213568.900000 53000.0
483434.400000 4213557.800000 53030.0
483509.900000 4213607.600000 53060.0
483686.200000 4213592.800000 53090.0
483910.100000 4213684.700000 53120.0
484024.400000 4213798.700000 53150.0
484117.400000 4213785.400000 53180.0
484126.900000 4213707.500000 53210.0
