484693.200000 4216761.100000 22426.0
484509.500000 4216549.400000 22456.0
484489.200000 4216508.400000 22486.0
484482.200000 4216500.800000 22516.0
484443.300000 4216368.800000 22546.0
484380.100000 4216269.000000 22576.0
484385.300000 4216279.200000 23092.0
484345.100000 4216355.900000 23872.0
484286.300000 4216304.800000 23902.0
484403.800000 4216235.600000 23932.0
484419.500000 4216236.800000 23962.0
484384.100000 4216081.500000 23992.0
484469.100000 4216018.300000 24022.0
484518.200000 4215975.900000 24052.0
484399.500000 4215840.700000 24082.0
484384.200000 4215606.600000 24112.0
484231.600000 4215589.100000 24142.0
484053.300000 4215440.900000 24172.0
484023.500000 4215410.900000 24202.0
483949.700000 4215296.800000 24232.0
483932.100000 4215273.500000 24262.0
483934.600000 4215187.200000 24292.0
483948.300000 4215016.200000 24322.0
483948.300000 4215016.200000 24352.0
483941.100000 4214905.300000 24382.0
483980.200000 4214712.200000 24412.0
483980.200000 4214710.100000 24442.0
484020.100000 4214533.500000 24472.0
484103.600000 4214183.700000 24502.0
484156.600000 4213925.000000 24532.0
484155.700000 4213880.600000 24562.0
484114.600000 4213493.400000 24592.0
