483270.800000 4213412.500000 25113.0
483270.000000 4213449.400000 25143.0
483289.400000 4213514.900000 25173.0
483314.900000 4213557.200000 25203.0
483336.900000 4213594.000000 25233.0
483349.700000 4213854.700000 25263.0
483401.900000 4214107.700000 25293.0
483503.900000 4214287.400000 25323.0
483572.800000 4214526.800000 25353.0
483714.600000 4214848.200000 25383.0
483737.900000 4215081.300000 25413.0
483795.200000 4215240.800000 25443.0
483809.300000 4215271.700000 25473.0
483899.100000 4215404.800000 25503.0
483959.700000 4215452.500000 25533.0
484060.800000 4215582.300000 25563.0
484123.200000 4215648.600000 25593.0
484335.300000 4216015.600000 25623.0
484436.800000 4216391.700000 25653.0
484741.000000 4216826.200000 25683.0
