484733.900000 4216802.900000 22451.0
484579.300000 4216637.700000 22481.0
484507.200000 4216553.700000 22511.0
484505.500000 4216546.000000 22541.0
484494.100000 4216510.500000 22571.0
484443.700000 4216310.800000 22601.0
484427.800000 4216236.400000 22631.0
484427.000000 4216235.100000 22661.0
484373.100000 4216055.300000 22691.0
484516.900000 4215999.600000 22721.0
484400.100000 4215875.400000 22751.0
484404.000000 4215668.800000 22781.0
484408.000000 4215488.100000 22811.0
484419.000000 4215281.500000 22841.0
484440.500000 4215044.000000 22871.0
484472.700000 4214947.400000 22901.0
484520.600000 4214788.600000 22931.0
484522.200000 4214719.600000 22961.0
484350.100000 4214674.700000 22991.0
484366.600000 4214538.400000 23021.0
484340.800000 4214369.900000 23051.0
484220.500000 4214231.300000 23081.0
484156.400000 4214212.400000 23111.0
484138.600000 4214102.400000 23141.0
484165.500000 4213945.800000 23171.0
484167.100000 4213881.400000 23201.0
484164.300000 4213813.700000 23231.0
484141.100000 4213583.900000 23261.0
