484794.600000 4216860.800000 52740.0
484566.200000 4216616.200000 52770.0
484506.300000 4216521.100000 52800.0
484447.200000 4216307.000000 52830.0
484344.100000 4215976.600000 52860.0
484262.100000 4215803.700000 52890.0
484116.200000 4215622.000000 52920.0
483936.100000 4215432.700000 52950.0
483864.000000 4215330.800000 52980.0
483824.300000 4215236.500000 53010.0
483780.900000 4215027.900000 53040.0
483610.100000 4214671.000000 53070.0
483580.000000 4214537.800000 53100.0
483569.400000 4214470.100000 53130.0
483569.200000 4214404.500000 53160.0
483547.200000 4214322.400000 53190.0
483438.000000 4214111.800000 53220.0
483388.400000 4213928.700000 53250.0
483405.800000 4213838.900000 53280.0
483428.400000 4213756.700000 53310.0
483411.500000 4213680.200000 53340.0
483401.000000 4213664.500000 53370.0
483356.200000 4213598.200000 53400.0
483310.300000 4213506.000000 53430.0
483306.600000 4213422.600000 53460.0
