482543.300000 4216530.900000 47690.0
482789.100000 4216651.500000 47720.0
483016.400000 4216764.000000 47750.0
483225.100000 4216784.700000 47780.0
483381.000000 4216694.700000 47810.0
483454.700000 4216782.100000 47840.0
483665.200000 4216822.800000 47870.0
483904.400000 4216761.400000 47900.0
484099.600000 4216625.500000 47930.0
484020.400000 4216457.200000 47960.0
484218.300000 4216329.400000 47990.0
484376.800000 4216238.100000 48020.0
484379.500000 4216234.800000 48050.0
484426.900000 4216270.200000 48080.0
484534.500000 4216596.300000 48110.0
484872.800000 4216947.400000 48140.0
