484776.800000 4216852.400000 26001.0
484501.900000 4216554.500000 26031.0
484501.800000 4216546.900000 26061.0
484482.500000 4216490.200000 26091.0
484420.700000 4216239.800000 26121.0
484425.000000 4216238.500000 26151.0
484421.400000 4216218.600000 26271.0
484295.400000 4215902.700000 26301.0
484152.000000 4215669.700000 26331.0
484097.500000 4215613.100000 26361.0
484034.300000 4215534.500000 26391.0
483878.800000 4215375.200000 26421.0
483854.900000 4215334.200000 26451.0
483911.900000 4215276.600000 26481.0
483964.200000 4215112.200000 26511.0
484086.000000 4215051.900000 26541.0
484231.400000 4214978.400000 26571.0
484395.200000 4214901.500000 26601.0
484470.700000 4214943.600000 26631.0
484518.600000 4214790.300000 26661.0
484499.200000 4214718.400000 26691.0
484335.200000 4214673.400000 26721.0
484383.000000 4214468.100000 26751.0
484275.600000 4214293.000000 26781.0
484211.400000 4214236.400000 26811.0
484167.600000 4214222.100000 26841.0
484136.600000 4214094.800000 26871.0
484163.500000 4213908.500000 26901.0
484162.500000 4213857.300000 26931.0
484129.300000 4213445.500000 26961.0
