484746.000000 4216801.200000 56825.0
484579.900000 4216633.900000 56855.0
484458.400000 4216384.400000 56885.0
484394.800000 4216117.100000 56915.0
484445.500000 4216021.700000 56945.0
484435.600000 4215894.300000 56975.0
484405.400000 4215705.600000 57005.0
484330.600000 4215581.300000 57035.0
484158.600000 4215559.700000 57065.0
484025.800000 4215388.100000 57095.0
483929.000000 4215252.800000 57125.0
483954.000000 4215034.400000 57155.0
483952.400000 4215034.400000 57185.0
483976.400000 4214740.200000 57215.0
484071.100000 4214327.300000 57245.0
484091.200000 4214236.300000 57275.0
484139.000000 4214045.300000 57305.0
484150.800000 4213831.100000 57335.0
484140.900000 4213731.200000 57365.0
