484767.200000 4216816.400000 56483.0
484502.800000 4216509.600000 56513.0
484424.100000 4216204.600000 56543.0
484461.300000 4216001.400000 56573.0
484434.900000 4215880.400000 56603.0
484409.200000 4215738.200000 56633.0
484354.500000 4215584.300000 56663.0
484178.200000 4215570.200000 56693.0
484070.100000 4215451.900000 56723.0
483973.300000 4215317.900000 56753.0
483924.000000 4215262.600000 56783.0
483951.700000 4215037.300000 56813.0
483947.000000 4214879.900000 56843.0
484053.200000 4214399.300000 56873.0
484112.400000 4214170.600000 56903.0
484154.300000 4213993.200000 56933.0
484138.900000 4213757.900000 56963.0
