482476.300000 4216559.400000 25950.0
482775.000000 4216416.600000 25980.0
482891.000000 4216558.500000 26010.0
483114.900000 4216435.800000 26072.0
483184.100000 4216398.800000 26102.0
483189.100000 4216320.100000 26132.0
483354.800000 4216294.300000 26162.0
483470.400000 4216229.800000 26192.0
483474.700000 4216223.000000 26222.0
483523.700000 4216159.800000 26252.0
483539.400000 4216125.500000 26282.0
483645.000000 4215923.400000 26312.0
483591.200000 4215789.300000 26342.0
483465.700000 4215756.100000 26372.0
483216.800000 4215793.500000 26402.0
483226.200000 4215662.700000 26432.0
483227.600000 4215548.400000 26462.0
483225.000000 4215544.200000 26492.0
483145.300000 4215586.600000 26522.0
483139.100000 4215590.000000 26552.0
483071.600000 4215611.300000 26612.0
482833.200000 4215674.900000 26642.0
482824.100000 4215480.600000 26672.0
482893.100000 4215373.800000 26702.0
482915.000000 4215370.400000 26732.0
482952.600000 4215370.300000 26762.0
483114.900000 4215385.700000 26792.0
483143.600000 4215253.500000 26822.0
483163.600000 4215153.600000 26852.0
483244.800000 4214952.800000 26882.0
483128.600000 4214741.000000 26912.0
483019.500000 4214540.600000 26942.0
482964.000000 4214387.500000 26972.0
482974.100000 4214185.600000 27002.0
482844.200000 4214152.400000 27032.0
482826.400000 4214054.700000 27062.0
482824.500000 4213922.600000 27092.0
482713.100000 4213922.900000 27122.0
482694.900000 4214044.800000 27152.0
482682.000000 4214189.200000 27182.0
482512.700000 4214190.800000 27212.0
