484768.500000 4216852.000000 48680.0
484534.700000 4216604.000000 48710.0
484495.100000 4216527.400000 48740.0
484428.900000 4216260.100000 48770.0
484389.800000 4216047.200000 48800.0
484385.500000 4216036.200000 48830.0
484514.300000 4215977.200000 49010.0
484395.700000 4215863.100000 49040.0
484400.500000 4215657.800000 49070.0
484277.600000 4215586.100000 49100.0
484124.900000 4215514.400000 49130.0
484024.700000 4215397.000000 49160.0
483941.100000 4215276.100000 49190.0
483922.700000 4215261.700000 49220.0
483952.300000 4215158.400000 49250.0
483974.300000 4214810.800000 49280.0
484016.900000 4214598.700000 49310.0
484097.900000 4214248.900000 49340.0
484127.400000 4214145.600000 49370.0
484162.300000 4213992.300000 49400.0
484165.600000 4213871.300000 49430.0
484153.900000 4213744.700000 49460.0
484134.200000 4213486.200000 49490.0
