484124.400000 4213445.500000 58053.0
484158.500000 4213853.900000 58083.0
484160.200000 4213880.600000 58113.0
483978.800000 4213911.000000 58143.0
483671.900000 4213939.500000 58173.0
483336.800000 4213971.100000 58203.0
483120.300000 4213996.100000 58233.0
483005.300000 4214008.600000 58263.0
482985.000000 4213974.400000 58293.0
482990.100000 4213929.100000 58503.0
482987.500000 4213929.100000 58533.0
482942.700000 4213904.600000 58623.0
482685.000000 4213930.500000 58653.0
482445.600000 4213952.200000 58683.0
