484127.100000 4213465.000000 61404.0
484163.800000 4213814.500000 61434.0
484168.200000 4213857.700000 61464.0
484163.100000 4213872.100000 61494.0
483981.600000 4213900.400000 61524.0
483797.500000 4213934.200000 61554.0
483595.800000 4213949.000000 61584.0
483401.100000 4213973.900000 61614.0
483394.000000 4213967.200000 61644.0
483340.500000 4213967.300000 61704.0
483135.300000 4213984.200000 61734.0
482985.200000 4213984.500000 61764.0
482987.800000 4213957.800000 61794.0
482994.800000 4213918.000000 61824.0
482768.400000 4213918.500000 61854.0
482699.700000 4213770.100000 61884.0
482695.100000 4213660.100000 61914.0
482694.600000 4213420.500000 61944.0
482778.800000 4213430.500000 61974.0
482806.400000 4213587.900000 62004.0
482800.200000 4213594.700000 62034.0
482801.400000 4213750.000000 62064.0
482801.700000 4213886.300000 62094.0
482574.500000 4213913.400000 62124.0
