484165.500000 4213767.100000 52967.0
484167.500000 4213910.200000 52997.0
484076.100000 4214318.800000 53027.0
483962.900000 4214798.200000 53057.0
483987.300000 4215132.100000 53087.0
483928.900000 4215258.700000 53117.0
483863.200000 4215293.200000 53147.0
483861.500000 4215294.400000 53177.0
483849.400000 4215327.900000 53207.0
483995.200000 4215479.600000 53237.0
484128.000000 4215640.100000 53267.0
484319.800000 4215952.600000 53297.0
484490.800000 4215994.600000 53327.0
484511.100000 4216062.200000 53357.0
484494.600000 4216144.400000 53387.0
484522.900000 4216285.300000 53417.0
484587.300000 4216435.000000 53447.0
484717.000000 4216403.800000 53477.0
484769.400000 4216286.100000 53507.0
484795.600000 4216239.500000 53537.0
484762.600000 4216393.600000 53567.0
484561.100000 4216487.100000 53597.0
484522.500000 4216502.800000 53627.0
484489.200000 4216509.700000 53657.0
484462.800000 4216434.400000 53687.0
484435.400000 4216344.700000 53717.0
484402.800000 4216272.800000 53747.0
484392.300000 4216277.100000 53777.0
484251.400000 4216395.800000 53807.0
484095.500000 4216461.700000 53837.0
484078.700000 4216417.300000 53867.0
483996.100000 4216355.300000 53897.0
483968.800000 4216356.600000 53927.0
483922.500000 4216453.200000 53957.0
483981.700000 4216697.300000 53987.0
484039.000000 4216859.300000 54017.0
