484150.900000 4213640.600000 49320.0
484155.400000 4213719.300000 49350.0
484169.800000 4213897.900000 49380.0
484154.300000 4213999.100000 49410.0
484111.600000 4214181.200000 49440.0
484031.600000 4214505.100000 49470.0
484014.200000 4214570.800000 49500.0
483953.600000 4214961.600000 49530.0
483964.300000 4215090.200000 49560.0
484018.900000 4215168.800000 49590.0
484119.200000 4215318.500000 49620.0
484041.200000 4215389.700000 49650.0
484075.500000 4215459.500000 49680.0
484266.800000 4215569.200000 49710.0
484437.900000 4215649.700000 49740.0
484533.900000 4215887.000000 49770.0
484510.500000 4216087.600000 49800.0
484509.000000 4216173.100000 49830.0
484541.700000 4216317.400000 49860.0
484606.800000 4216437.100000 49890.0
484742.700000 4216389.000000 49920.0
484775.000000 4216287.800000 49950.0
484789.800000 4216266.600000 49980.0
484739.200000 4216406.300000 50010.0
484538.500000 4216475.700000 50040.0
484540.200000 4216479.100000 50070.0
484527.000000 4216495.600000 50130.0
484526.200000 4216497.700000 50160.0
484491.000000 4216482.100000 50220.0
484413.500000 4216251.600000 50250.0
484299.700000 4216375.000000 50280.0
484120.900000 4216467.600000 50310.0
484092.600000 4216363.600000 50340.0
484010.900000 4216337.000000 50370.0
483942.700000 4216449.300000 50400.0
483998.400000 4216681.200000 50430.0
484000.100000 4216718.000000 50460.0
484147.600000 4216805.300000 50490.0
484231.700000 4216762.800000 50520.0
484286.100000 4216825.800000 50550.0
484462.900000 4216671.400000 50580.0
484532.100000 4216615.800000 50610.0
484558.400000 4216628.000000 50640.0
484846.500000 4216927.200000 50670.0
